0 0.70390625 0.03203125 0.09375 0.0640625
0 0.2609375 0.02734375 0.0625 0.05390625
0 0.390625 0.23046875 0.1015625 0.11953125
0 0.39375 0.3109375 0.06015625 0.1015625
0 0.38359375 0.38125 0.06484375 0.096875
0 0.46953125 0.37890625 0.0515625 0.13984375
0 0.6234375 0.44453125 0.0953125 0.1578125
0 0.59375 0.5296875 0.06875 0.071875
0 0.571875 0.58359375 0.1 0.1125
0 0.5046875 0.559375 0.0578125 0.1046875
0 0.47109375 0.6296875 0.0546875 0.11171875
0 0.58671875 0.66171875 0.103125 0.09609375
0 0.746875 0.61171875 0.078125 0.10625
0 0.85859375 0.65625 0.07578125 0.115625
0 0.9609375 0.66015625 0.07421875 0.19609375
0 0.34609375 0.61171875 0.06171875 0.09140625
0 0.30859375 0.56015625 0.06640625 0.11171875
0 0.38125 0.43203125 0.08125 0.0921875
0 0.2828125 0.4265625 0.0875 0.11171875
0 0.27734375 0.47265625 0.05390625 0.06796875
0 0.32578125 0.45078125 0.040625 0.090625
0 0.221875 0.34921875 0.07890625 0.109375
0 0.18671875 0.4421875 0.075 0.0953125
0 0.1953125 0.54140625 0.08125 0.09921875
0 0.15390625 0.28984375 0.08515625 0.09375
0 0.1578125 0.37734375 0.06015625 0.10625
0 0.1296875 0.3953125 0.0375 0.10234375
0 0.053125 0.3921875 0.0546875 0.1140625
0 0.04921875 0.56796875 0.03984375 0.1171875
0 0.08671875 0.60234375 0.05703125 0.0921875
0 0.115625 0.57109375 0.04609375 0.11171875