0 0.92890625 0.80625 0.08515625 0.10234375
0 0.54765625 0.42578125 0.096875 0.128125
0 0.521875 0.25703125 0.07421875 0.1125
0 0.5125 0.67578125 0.0875 0.11640625
0 0.55625 0.76796875 0.09765625 0.13203125
0 0.38671875 0.81015625 0.0546875 0.1359375
0 0.3328125 0.803125 0.09921875 0.10625
0 0.3875 0.76328125 0.07421875 0.084375
0 0.296875 0.76171875 0.05625 0.109375
0 0.3125 0.67734375 0.08046875 0.0859375
0 0.3875 0.63046875 0.06953125 0.10625
0 0.44375 0.6359375 0.08984375 0.115625
0 0.38359375 0.42265625 0.0640625 0.11953125
0 0.375 0.53125 0.09140625 0.11328125
0 0.29921875 0.59921875 0.08203125 0.0953125
0 0.2703125 0.63671875 0.040625 0.06953125
0 0.20390625 0.675 0.05703125 0.12109375
0 0.171875 0.5640625 0.0640625 0.1046875
0 0.22734375 0.5109375 0.05234375 0.1109375
0 0.25859375 0.40078125 0.1078125 0.125
0 0.29921875 0.32265625 0.08515625 0.15234375
0 0.17734375 0.4234375 0.06640625 0.11171875
0 0.17890625 0.1390625 0.10546875 0.12265625
0 0.0875 0.20390625 0.08359375 0.12734375
0 0.13984375 0.29140625 0.07109375 0.11875
0 0.06953125 0.30703125 0.046875 0.103125
0 0.08046875 0.4765625 0.05078125 0.15703125
0 0.0328125 0.56875 0.03984375 0.09140625
0 0.1 0.7796875 0.0453125 0.1078125
0 0.040625 0.7828125 0.05390625 0.0984375
0 0.04453125 0.74296875 0.059375 0.1171875