0 0.934375 0.80625 0.05546875 0.125
0 0.5828125 0.746875 0.05625 0.096875
0 0.55703125 0.78046875 0.08984375 0.11796875
0 0.50859375 0.6625 0.1046875 0.1125
0 0.49453125 0.46171875 0.05234375 0.14140625
0 0.525 0.27734375 0.0890625 0.0984375
0 0.30703125 0.240625 0.09609375 0.146875
0 0.37578125 0.45625 0.0546875 0.1125
0 0.4 0.515625 0.0546875 0.12578125
0 0.4265625 0.62578125 0.07109375 0.109375
0 0.3953125 0.6796875 0.09921875 0.09921875
0 0.3625 0.69609375 0.0546875 0.084375
0 0.3578125 0.63828125 0.07109375 0.07578125
0 0.27421875 0.6109375 0.084375 0.10234375
0 0.29921875 0.4015625 0.1046875 0.115625
0 0.19921875 0.49921875 0.04375 0.1203125
0 0.1703125 0.3796875 0.05859375 0.11484375
0 0.1390625 0.13515625 0.1015625 0.1140625
0 0.0984375 0.22890625 0.11484375 0.140625
0 0.10625 0.35703125 0.0640625 0.1046875
0 0.0734375 0.41015625 0.04609375 0.15
0 0.13046875 0.62890625 0.0734375 0.10859375
0 0.1953125 0.67734375 0.06796875 0.11328125
0 0.1984375 0.62109375 0.05078125 0.07734375
0 0.29609375 0.76796875 0.0484375 0.11171875
0 0.31640625 0.809375 0.046875 0.14375
0 0.35859375 0.809375 0.06875 0.1171875
0 0.43671875 0.771875 0.065625 0.1078125
0 0.078125 0.815625 0.046875 0.12265625
0 0.02421875 0.6328125 0.021875 0.103125
0 0.02421875 0.43125 0.034375 0.12265625