0 0.934375 0.79609375 0.084375 0.13125
0 0.665625 0.49921875 0.0875 0.13125
0 0.51484375 0.19453125 0.03828125 0.1
0 0.53828125 0.78515625 0.090625 0.10703125
0 0.52890625 0.725 0.0734375 0.13046875
0 0.46953125 0.81015625 0.04140625 0.1546875
0 0.453125 0.65859375 0.08046875 0.1359375
0 0.43046875 0.76015625 0.04453125 0.09765625
0 0.37109375 0.61953125 0.090625 0.1140625
0 0.35625 0.5 0.0578125 0.11328125
0 0.37890625 0.3828125 0.0828125 0.11328125
0 0.3015625 0.39140625 0.1015625 0.12734375
0 0.25234375 0.3546875 0.09296875 0.10859375
0 0.2484375 0.17578125 0.09609375 0.12109375
0 0.21484375 0.28203125 0.04765625 0.1296875
0 0.1171875 0.23984375 0.09609375 0.12421875
0 0.1015625 0.31328125 0.0453125 0.078125
0 0.11875 0.56796875 0.1046875 0.128125
0 0.22109375 0.546875 0.05234375 0.11640625
0 0.2015625 0.43046875 0.0625 0.109375
0 0.27421875 0.4921875 0.0546875 0.1140625
0 0.325 0.6109375 0.0578125 0.10625
0 0.315625 0.72265625 0.08515625 0.115625
0 0.2609375 0.64375 0.084375 0.0984375
0 0.21484375 0.66484375 0.04296875 0.11484375
0 0.3015625 0.8203125 0.09921875 0.10703125
0 0.1171875 0.8078125 0.05234375 0.09140625
0 0.12109375 0.71796875 0.06015625 0.08515625