0 0.6171875 0.13984375 0.06875 0.09921875
0 0.88203125 0.62890625 0.096875 0.10859375
0 0.98046875 0.6171875 0.02578125 0.06171875
0 0.47109375 0.69609375 0.103125 0.13046875
0 0.4453125 0.5734375 0.096875 0.1078125
0 0.51015625 0.44453125 0.08046875 0.11953125
0 0.459375 0.3921875 0.08125 0.1546875
0 0.540625 0.2609375 0.1109375 0.11484375
0 0.38125 0.15390625 0.09375 0.103125
0 0.37109375 0.39375 0.10390625 0.128125
0 0.33359375 0.2765625 0.09375 0.0921875
0 0.2375 0.2828125 0.1 0.10546875
0 0.20546875 0.16875 0.06875 0.08359375
0 0.11875 0.1953125 0.0984375 0.11640625
0 0.1390625 0.303125 0.10703125 0.12734375
0 0.2078125 0.415625 0.07421875 0.12578125
0 0.21015625 0.4625 0.06796875 0.0859375
0 0.32890625 0.5390625 0.0515625 0.08046875
0 0.2921875 0.48828125 0.0578125 0.09453125
0 0.296875 0.3671875 0.0859375 0.11640625
0 0.3390625 0.4578125 0.10078125 0.07734375
0 0.30234375 0.58359375 0.10859375 0.11484375
0 0.265625 0.5890625 0.07265625 0.11875
0 0.35546875 0.67578125 0.08828125 0.11484375
0 0.321875 0.78203125 0.0984375 0.11640625
0 0.10546875 0.734375 0.0875 0.1203125
0 0.10546875 0.590625 0.09375 0.13203125
0 0.03515625 0.71796875 0.0328125 0.13515625
0 0.08984375 0.81640625 0.07578125 0.10625
0 0.28515625 0.6703125 0.07265625 0.09375