0 0.046875 0.109375 0.09375 0.21875
0 0.33515625 0.25 0.12734375 0.2375
0 0.08984375 0.4765625 0.13046875 0.23203125
0 0.12578125 0.66328125 0.12265625 0.3203125
0 0.28203125 0.5328125 0.21484375 0.51953125
0 0.440625 0.5421875 0.1796875 0.29765625
0 0.6234375 0.4125 0.25546875 0.3859375
0 0.75625 0.565625 0.190625 0.309375
0 0.93203125 0.58125 0.1359375 0.33359375
0 0.92109375 0.35625 0.1578125 0.18984375
0 0.525 0.8265625 0.23203125 0.31328125
0 0.6390625 0.775 0.1015625 0.25
0 0.74296875 0.94609375 0.278125 0.1078125
0 0.178125 0.84375 0.14921875 0.14609375