0 0.753125 0.64296875 0.04296875 0.11640625
0 0.73515625 0.75703125 0.07890625 0.10703125
0 0.52578125 0.52265625 0.0890625 0.10625
0 0.5265625 0.63984375 0.084375 0.10390625
0 0.4703125 0.665625 0.08984375 0.09921875
0 0.440625 0.81015625 0.08359375 0.090625
0 0.46875 0.7390625 0.090625 0.09375
0 0.40546875 0.7 0.08203125 0.096875
0 0.3875 0.76484375 0.0765625 0.0890625
0 0.3328125 0.67734375 0.1109375 0.12734375
0 0.27734375 0.571875 0.096875 0.13125
0 0.3328125 0.5640625 0.059375 0.10859375
0 0.384375 0.4984375 0.1 0.12265625
0 0.36171875 0.4375 0.0984375 0.1234375
0 0.4515625 0.365625 0.07734375 0.15390625
0 0.38046875 0.34765625 0.096875 0.09765625
0 0.10390625 0.22578125 0.0796875 0.121875
0 0.240625 0.35703125 0.04453125 0.12421875
0 0.2359375 0.421875 0.09765625 0.1046875
0 0.21171875 0.48046875 0.10546875 0.14140625
0 0.17890625 0.69453125 0.059375 0.08984375
0 0.225 0.678125 0.04921875 0.0703125
0 0.09765625 0.59453125 0.06015625 0.13359375
0 0.15390625 0.80625 0.103125 0.11328125
0 0.09921875 0.43671875 0.06015625 0.13515625
0 0.1 0.67421875 0.04609375 0.1015625