0 0.10234375 0.134375 0.0765625 0.14453125
0 0.10390625 0.10390625 0.0734375 0.08359375
0 0.36953125 0.33984375 0.0921875 0.12109375
0 0.6015625 0.45390625 0.09765625 0.1234375
0 0.73671875 0.6046875 0.08828125 0.10390625
0 0.7390625 0.68984375 0.046875 0.10703125
0 0.76953125 0.79453125 0.09765625 0.1078125
0 0.60703125 0.728125 0.09140625 0.13828125
0 0.61875 0.57421875 0.08359375 0.1265625
0 0.4984375 0.55078125 0.1109375 0.13203125
0 0.521875 0.61640625 0.09609375 0.10234375
0 0.490625 0.64921875 0.0828125 0.0953125
0 0.44296875 0.74453125 0.08828125 0.09765625
0 0.43671875 0.78203125 0.09296875 0.1125
0 0.3453125 0.778125 0.05625 0.09453125
0 0.38828125 0.63984375 0.09609375 0.13203125
0 0.334375 0.49921875 0.0890625 0.13984375
0 0.3390625 0.590625 0.06015625 0.10234375
0 0.29296875 0.696875 0.05625 0.12109375
0 0.23515625 0.63828125 0.08515625 0.1171875
0 0.2828125 0.58671875 0.06171875 0.10859375
0 0.2578125 0.4609375 0.06328125 0.1328125
0 0.2375 0.55390625 0.05390625 0.09765625
0 0.17265625 0.53671875 0.0890625 0.146875
0 0.16953125 0.4390625 0.08125 0.08515625
0 0.07109375 0.4234375 0.0609375 0.10390625
0 0.09453125 0.49140625 0.04765625 0.1234375
0 0.140625 0.42421875 0.059375 0.09453125
0 0.0265625 0.4375 0.025 0.07734375
0 0.05703125 0.76484375 0.0765625 0.11015625