0 0.94296875 0.0453125 0.0875 0.08828125
0 0.87265625 0.4125 0.05703125 0.11640625
0 0.946875 0.63359375 0.07421875 0.1484375
0 0.846875 0.6265625 0.09296875 0.12265625
0 0.85234375 0.5375 0.09609375 0.11328125
0 0.46015625 0.30625 0.07421875 0.10546875
0 0.60703125 0.59296875 0.075 0.11875
0 0.56171875 0.63515625 0.08046875 0.0984375
0 0.49375 0.4921875 0.10390625 0.13125
0 0.4765625 0.57578125 0.07734375 0.0953125
0 0.4625 0.63125 0.0859375 0.10078125
0 0.36953125 0.67890625 0.0875 0.1109375
0 0.35390625 0.4328125 0.0875 0.109375
0 0.37578125 0.49140625 0.06015625 0.14921875
0 0.39453125 0.290625 0.0640625 0.11328125
0 0.28203125 0.3109375 0.06171875 0.13046875
0 0.328125 0.49140625 0.04609375 0.10546875
0 0.3578125 0.60703125 0.06015625 0.115625
0 0.290625 0.64296875 0.04765625 0.10625
0 0.28125 0.53359375 0.0765625 0.11015625
0 0.21875 0.45703125 0.08828125 0.09375
0 0.2125 0.50625 0.0625 0.11875
0 0.16015625 0.53984375 0.046875 0.14140625
0 0.10625 0.5328125 0.0546875 0.1421875
0 0.09921875 0.44375 0.07421875 0.12109375
0 0.14140625 0.2984375 0.04609375 0.10546875
0 0.1078125 0.22734375 0.0453125 0.1046875
0 0.05625 0.23203125 0.05078125 0.11640625
0 0.0953125 0.6984375 0.07265625 0.0984375
0 0.10390625 0.63125 0.04921875 0.04921875
0 0.11484375 0.67890625 0.065625 0.0921875
0 0.04296875 0.68359375 0.028125 0.06875
0 0.0578125 0.63828125 0.03671875 0.08671875