0 0.7296875 0.36640625 0.06015625 0.115625
0 0.82421875 0.51796875 0.05390625 0.1015625
0 0.8953125 0.80234375 0.053125 0.12109375
0 0.72734375 0.5984375 0.06875 0.121875
0 0.68203125 0.6109375 0.06953125 0.11171875
0 0.5625 0.5375 0.04921875 0.10859375
0 0.5171875 0.6125 0.090625 0.1078125
0 0.56953125 0.8140625 0.0828125 0.1140625
0 0.5515625 0.74921875 0.05859375 0.09921875
0 0.475 0.70625 0.08984375 0.103125
0 0.45 0.4171875 0.04453125 0.121875
0 0.37890625 0.7703125 0.0484375 0.10390625
0 0.30546875 0.35078125 0.11640625 0.1234375
0 0.30703125 0.5140625 0.0828125 0.11484375
0 0.31796875 0.6015625 0.08359375 0.10859375
0 0.21953125 0.47578125 0.09375 0.15234375
0 0.1796875 0.39375 0.1 0.12890625
0 0.16328125 0.2765625 0.0390625 0.10390625
0 0.0953125 0.171875 0.08828125 0.1140625
0 0.1203125 0.5921875 0.09453125 0.09609375
0 0.11484375 0.66953125 0.09921875 0.12421875
0 0.2421875 0.678125 0.075 0.10546875
0 0.1953125 0.65546875 0.0703125 0.11796875
0 0.171875 0.64375 0.03203125 0.090625
0 0.278125 0.83828125 0.07890625 0.08671875
0 0.0484375 0.7578125 0.05859375 0.1046875