0 0.9703125 0.78046875 0.0390625 0.13359375
0 0.90703125 0.77109375 0.0703125 0.14296875
0 0.71484375 0.3640625 0.0546875 0.1078125
0 0.56953125 0.3265625 0.10703125 0.15859375
0 0.63671875 0.52734375 0.0921875 0.1109375
0 0.4828125 0.575 0.07890625 0.0953125
0 0.49453125 0.5828125 0.0953125 0.115625
0 0.5046875 0.69453125 0.0859375 0.09921875
0 0.53046875 0.79609375 0.08515625 0.09921875
0 0.45859375 0.7140625 0.11171875 0.11328125
0 0.4421875 0.80546875 0.08359375 0.11640625
0 0.4140625 0.64765625 0.075 0.09609375
0 0.4015625 0.52109375 0.078125 0.1515625
0 0.35 0.484375 0.0765625 0.125
0 0.346875 0.69375 0.0703125 0.1546875
0 0.35546875 0.7375 0.053125 0.121875
0 0.32578125 0.8078125 0.0484375 0.10703125
0 0.27734375 0.8125 0.04375 0.12890625
0 0.26796875 0.646875 0.1046875 0.1265625
0 0.2875 0.5765625 0.0796875 0.1171875
0 0.24921875 0.50234375 0.0734375 0.0984375
0 0.21953125 0.45234375 0.08671875 0.13671875
0 0.23671875 0.3671875 0.04453125 0.09921875
0 0.178125 0.33515625 0.078125 0.109375
0 0.1765625 0.47890625 0.04609375 0.13515625
0 0.196875 0.6359375 0.0703125 0.11171875
0 0.14921875 0.6375 0.0921875 0.1296875
0 0.10078125 0.5046875 0.05625 0.1859375