0 0.2609375 0.24765625 0.2390625 0.21015625
0 0.71796875 0.08203125 0.22734375 0.1640625
0 0.7375 0.359375 0.1109375 0.21796875
0 0.90546875 0.47890625 0.15703125 0.18046875
0 0.440625 0.584375 0.28203125 0.30859375
0 0.62109375 0.88671875 0.17578125 0.20859375
0 0.27890625 0.8515625 0.18515625 0.23515625
0 0.20859375 0.684375 0.1625 0.17109375
0 0.275 0.5125 0.1140625 0.19609375
0 0.45625 0.44375 0.13671875 0.1703125
0 0.5625 0.44375 0.14140625 0.1328125
0 0.0765625 0.37890625 0.1046875 0.15390625
0 0.04453125 0.80625 0.0890625 0.16875