0 0.8875 0.78671875 0.053125 0.16953125
0 0.85078125 0.5484375 0.05078125 0.1171875
0 0.6765625 0.56875 0.06796875 0.11953125
0 0.60390625 0.5453125 0.1171875 0.14140625
0 0.5875 0.65 0.0890625 0.1296875
0 0.65390625 0.66328125 0.08359375 0.09453125
0 0.63046875 0.70390625 0.0578125 0.0703125
0 0.5609375 0.740625 0.0453125 0.09765625
0 0.48671875 0.34140625 0.0875 0.1140625
0 0.4359375 0.415625 0.09765625 0.11640625
0 0.428125 0.49375 0.0421875 0.11015625
0 0.4078125 0.58359375 0.10625 0.10234375
0 0.43046875 0.6890625 0.1015625 0.1109375
0 0.43203125 0.78671875 0.0921875 0.08359375
0 0.48671875 0.69921875 0.0734375 0.096875
0 0.4546875 0.8203125 0.09609375 0.1265625
0 0.26015625 0.83515625 0.090625 0.09609375
0 0.30625 0.7734375 0.0421875 0.1296875
0 0.28828125 0.66640625 0.11015625 0.11875
0 0.34453125 0.5390625 0.04453125 0.1265625
0 0.30703125 0.5359375 0.0609375 0.13828125
0 0.32265625 0.634375 0.08046875 0.096875
0 0.25546875 0.51953125 0.07265625 0.1203125
0 0.2234375 0.15703125 0.06484375 0.11328125
0 0.24609375 0.18984375 0.0578125 0.10859375
0 0.19609375 0.41484375 0.07578125 0.10234375
0 0.14921875 0.56015625 0.05234375 0.1203125
0 0.215625 0.58359375 0.07109375 0.1203125
0 0.1921875 0.67578125 0.08828125 0.10390625
0 0.15234375 0.665625 0.0578125 0.0953125
0 0.0859375 0.59609375 0.065625 0.13828125
0 0.034375 0.5578125 0.04140625 0.125
0 0.03125 0.68125 0.03046875 0.0875