0 0.1234375 0.15859375 0.24609375 0.3171875
0 0.3921875 0.8015625 0.171875 0.1828125
0 0.9265625 0.865625 0.14609375 0.178125
0 0.29140625 0.96171875 0.18046875 0.07265625
0 0.625 0.378125 0.16953125 0.25703125
0 0.34921875 0.60859375 0.08515625 0.12578125
0 0.39765625 0.45 0.12421875 0.13203125
0 0.228125 0.4375 0.09765625 0.12109375
0 0.27421875 0.3765625 0.11015625 0.19921875
0 0.0859375 0.478125 0.171875 0.240625
0 0.09921875 0.81796875 0.10546875 0.16484375
0 0.44140625 0.57890625 0.1265625 0.15546875
0 0.465625 0.5125 0.13828125 0.109375
0 0.50703125 0.42890625 0.096875 0.134375