0 0.84296875 0.73203125 0.0859375 0.1375
0 0.55859375 0.7328125 0.10078125 0.125
0 0.5203125 0.77421875 0.03359375 0.1
0 0.52734375 0.35 0.065625 0.11328125
0 0.53203125 0.46640625 0.11015625 0.1296875
0 0.515625 0.53828125 0.05703125 0.08125
0 0.3703125 0.6359375 0.0734375 0.09609375
0 0.33046875 0.73046875 0.05703125 0.11484375
0 0.42265625 0.2734375 0.08125 0.1171875
0 0.30390625 0.23515625 0.08984375 0.14296875
0 0.35703125 0.35234375 0.10390625 0.13125
0 0.3953125 0.40859375 0.07734375 0.13984375
0 0.36640625 0.5421875 0.053125 0.1234375
0 0.21015625 0.371875 0.08359375 0.1421875
0 0.26484375 0.4421875 0.05859375 0.10859375
0 0.24375 0.51328125 0.05703125 0.1109375
0 0.20859375 0.4796875 0.0984375 0.11875
0 0.14921875 0.52265625 0.04609375 0.12109375
0 0.228125 0.59296875 0.0765625 0.11640625
0 0.18671875 0.621875 0.084375 0.10703125
0 0.12890625 0.653125 0.07890625 0.14921875
0 0.06484375 0.60390625 0.0421875 0.115625
0 0.0515625 0.515625 0.0421875 0.0921875
0 0.0765625 0.73671875 0.0734375 0.1046875
0 0.09140625 0.78359375 0.0375 0.0890625
0 0.284375 0.76640625 0.03515625 0.10625
0 0.2046875 0.68984375 0.07421875 0.09453125
0 0.1625 0.4109375 0.078125 0.10625
0 0.0828125 0.08671875 0.09296875 0.11796875
0 0.04140625 0.78671875 0.0375 0.09296875
0 0.03359375 0.609375 0.025 0.128125