0 0.93515625 0.0375 0.0921875 0.075
0 0.82421875 0.14609375 0.09375 0.13203125
0 0.97109375 0.47109375 0.04921875 0.11875
0 0.978125 0.571875 0.02421875 0.10859375
0 0.9015625 0.47578125 0.06875 0.1234375
0 0.92109375 0.55390625 0.04921875 0.1328125
0 0.93828125 0.6765625 0.05078125 0.175
0 0.76953125 0.646875 0.0546875 0.1359375
0 0.5515625 0.44140625 0.07734375 0.109375
0 0.440625 0.44453125 0.1125 0.12265625
0 0.521875 0.69296875 0.07734375 0.11640625
0 0.484375 0.61171875 0.08046875 0.1
0 0.4203125 0.609375 0.06875 0.13828125
0 0.403125 0.65390625 0.03984375 0.11171875
0 0.29921875 0.7140625 0.05859375 0.11796875
0 0.2875 0.6421875 0.04921875 0.09140625
0 0.3421875 0.6890625 0.07265625 0.11171875
0 0.32578125 0.528125 0.0921875 0.109375
0 0.353125 0.578125 0.0546875 0.10625
0 0.33671875 0.45234375 0.08984375 0.08671875
0 0.271875 0.37578125 0.10703125 0.1390625
0 0.29296875 0.2828125 0.09140625 0.09296875
0 0.2140625 0.24296875 0.0953125 0.1328125
0 0.27734375 0.04453125 0.09765625 0.0890625
0 0.10625 0.33671875 0.084375 0.14375
0 0.1484375 0.3171875 0.06015625 0.134375
0 0.03359375 0.3984375 0.05625 0.10390625
0 0.0859375 0.4015625 0.0453125 0.1046875
0 0.18828125 0.49296875 0.10625 0.11875
0 0.2359375 0.559375 0.065625 0.10546875