0 0.9265625 0.79765625 0.0828125 0.12421875
0 0.7421875 0.57578125 0.0515625 0.13828125
0 0.53515625 0.17109375 0.03984375 0.103125
0 0.32421875 0.1796875 0.09140625 0.11484375
0 0.3359375 0.2859375 0.10234375 0.12265625
0 0.3046875 0.3171875 0.053125 0.06484375
0 0.278125 0.38671875 0.0515625 0.109375
0 0.30234375 0.39609375 0.09765625 0.13359375
0 0.2828125 0.4640625 0.08359375 0.115625
0 0.3375 0.51015625 0.06484375 0.13515625
0 0.51640625 0.69140625 0.07578125 0.1515625
0 0.50234375 0.72265625 0.090625 0.1
0 0.5109375 0.815625 0.08046875 0.1203125
0 0.47890625 0.79609375 0.046875 0.0796875
0 0.45546875 0.78046875 0.05 0.0921875
0 0.38984375 0.7625 0.0796875 0.08828125
0 0.37890625 0.69921875 0.0890625 0.121875
0 0.3453125 0.63203125 0.09375 0.09921875
0 0.3765625 0.59765625 0.0828125 0.08671875
0 0.30703125 0.815625 0.09375 0.11015625
0 0.2109375 0.56640625 0.1 0.121875
0 0.21953125 0.6671875 0.078125 0.103125
0 0.2828125 0.7578125 0.06796875 0.146875
0 0.09453125 0.78515625 0.0625 0.10625
0 0.16171875 0.42265625 0.03984375 0.1125
0 0.16328125 0.2375 0.09375 0.14921875
0 0.0328125 0.42421875 0.05 0.1078125
0 0.115625 0.2984375 0.06484375 0.1046875