0 0.8 0.540625 0.084375 0.1125
0 0.528125 0.10703125 0.0890625 0.13125
0 0.4921875 0.24375 0.09453125 0.1171875
0 0.4390625 0.2 0.04609375 0.11796875
0 0.5078125 0.40859375 0.09765625 0.1328125
0 0.4796875 0.5109375 0.09765625 0.121875
0 0.4625 0.34140625 0.10859375 0.13515625
0 0.378125 0.3328125 0.10078125 0.12421875
0 0.40234375 0.39375 0.04453125 0.06171875
0 0.37578125 0.4734375 0.075 0.0875
0 0.3765625 0.54375 0.09140625 0.10078125
0 0.34375 0.61640625 0.09453125 0.12734375
0 0.40078125 0.609375 0.04921875 0.09296875
0 0.3734375 0.74921875 0.1078125 0.11953125
0 0.3265625 0.8 0.0953125 0.1
0 0.328125 0.7203125 0.04765625 0.0546875
0 0.28359375 0.70546875 0.08125 0.11015625
0 0.2765625 0.55703125 0.04921875 0.1109375
0 0.24765625 0.40546875 0.084375 0.1203125
0 0.27734375 0.4328125 0.04453125 0.0625
0 0.228125 0.4859375 0.07109375 0.10078125
0 0.2109375 0.590625 0.06015625 0.09453125
0 0.15859375 0.61015625 0.04140625 0.13515625
0 0.15546875 0.6140625 0.0875 0.096875
0 0.0859375 0.709375 0.06328125 0.1203125
0 0.10703125 0.4625 0.05859375 0.12734375
0 0.13515625 0.27265625 0.0984375 0.1203125
0 0.146875 0.190625 0.0515625 0.090625
0 0.11640625 0.12890625 0.03984375 0.0984375
0 0.12109375 0.34921875 0.08359375 0.09140625
0 0.0375 0.46328125 0.04375 0.1171875
0 0.03125 0.58828125 0.0390625 0.08125
0 0.0265625 0.3453125 0.03359375 0.1078125
0 0.03671875 0.12578125 0.0546875 0.1140625