0 0.91640625 0.72265625 0.08125 0.12421875
0 0.90234375 0.775 0.1015625 0.14609375
0 0.63671875 0.4640625 0.0625 0.11796875
0 0.4578125 0.4328125 0.1 0.11953125
0 0.4390625 0.52890625 0.08984375 0.1140625
0 0.4859375 0.615625 0.09453125 0.140625
0 0.42109375 0.709375 0.0671875 0.11640625
0 0.37109375 0.6328125 0.096875 0.13671875
0 0.34140625 0.7828125 0.0875 0.12109375
0 0.29140625 0.628125 0.03828125 0.0984375
0 0.3265625 0.50859375 0.0984375 0.1125
0 0.375 0.5390625 0.08984375 0.09140625
0 0.4 0.378125 0.10390625 0.134375
0 0.28671875 0.42421875 0.04765625 0.11875
0 0.315625 0.18515625 0.0953125 0.13203125
0 0.2625 0.26953125 0.109375 0.12734375
0 0.1546875 0.2703125 0.096875 0.14296875
0 0.17109375 0.38046875 0.08046875 0.1171875
0 0.1953125 0.27734375 0.05390625 0.1171875
0 0.08359375 0.17890625 0.0984375 0.115625
0 0.19921875 0.5 0.09921875 0.11015625
0 0.1375 0.56796875 0.05859375 0.10234375
0 0.19921875 0.61875 0.10546875 0.1265625
0 0.26015625 0.65390625 0.0875 0.12734375
0 0.19609375 0.70078125 0.08046875 0.07734375
0 0.1578125 0.70859375 0.025 0.059375
0 0.1046875 0.5953125 0.0421875 0.13125
0 0.0671875 0.60546875 0.0375 0.10703125
0 0.0375 0.5703125 0.040625 0.1140625