0 0.96875 0.78671875 0.03671875 0.11015625
0 0.90078125 0.78671875 0.0796875 0.12578125
0 0.7390625 0.68671875 0.1046875 0.16171875
0 0.61015625 0.35390625 0.07421875 0.10859375
0 0.51015625 0.7 0.0734375 0.12421875
0 0.4765625 0.5015625 0.1234375 0.14453125
0 0.403125 0.40703125 0.10546875 0.1328125
0 0.3296875 0.3484375 0.1015625 0.12734375
0 0.36328125 0.53828125 0.09453125 0.1125
0 0.37890625 0.7265625 0.08515625 0.10703125
0 0.26953125 0.77265625 0.1046875 0.13515625
0 0.32109375 0.7328125 0.078125 0.08984375
0 0.2859375 0.64921875 0.0578125 0.0953125
0 0.246875 0.6703125 0.09921875 0.109375
0 0.159375 0.6859375 0.109375 0.1171875
0 0.0671875 0.825 0.04140625 0.1015625
0 0.05859375 0.575 0.04375 0.10703125
0 0.0921875 0.44609375 0.0921875 0.125
0 0.1 0.26015625 0.06953125 0.1234375
0 0.20859375 0.25390625 0.0984375 0.121875
0 0.30078125 0.2671875 0.10234375 0.1171875
0 0.29765625 0.4578125 0.10703125 0.1125
0 0.23359375 0.56484375 0.0984375 0.09296875
0 0.1875 0.49453125 0.04140625 0.109375
0 0.2265625 0.47734375 0.05234375 0.10546875
0 0.2953125 0.51875 0.0734375 0.07578125