0 0.771875 0.6546875 0.084375 0.146875
0 0.61015625 0.7703125 0.109375 0.11875
0 0.58515625 0.58671875 0.0859375 0.10859375
0 0.53984375 0.63515625 0.06484375 0.13046875
0 0.55 0.48671875 0.0875 0.1015625
0 0.4890625 0.3015625 0.12421875 0.13984375
0 0.3875 0.359375 0.09140625 0.12421875
0 0.40390625 0.45078125 0.07578125 0.1109375
0 0.40859375 0.603125 0.10390625 0.13046875
0 0.340625 0.65078125 0.09296875 0.103125
0 0.32265625 0.77578125 0.0953125 0.10859375
0 0.29609375 0.55625 0.0484375 0.1078125
0 0.36171875 0.49921875 0.06875 0.13046875
0 0.28046875 0.19140625 0.09609375 0.12578125
0 0.18515625 0.14765625 0.08671875 0.109375
0 0.18046875 0.321875 0.09453125 0.10703125
0 0.2609375 0.275 0.07734375 0.0828125
0 0.2953125 0.4421875 0.07734375 0.17265625
0 0.20859375 0.42421875 0.07890625 0.1140625
0 0.26484375 0.609375 0.06328125 0.10625
0 0.203125 0.5546875 0.1046875 0.125
0 0.1921875 0.61328125 0.059375 0.08046875
0 0.1640625 0.8296875 0.078125 0.1203125
0 0.07890625 0.83671875 0.0515625 0.115625
0 0.046875 0.65390625 0.046875 0.10859375
0 0.09765625 0.6875 0.04765625 0.11796875
0 0.046875 0.5375 0.0453125 0.10859375
0 0.11875 0.5375 0.06875 0.1078125
0 0.13125 0.65625 0.046875 0.10625
0 0.56796875 0.83515625 0.08671875 0.1015625