0 0.75703125 0.69921875 0.08515625 0.10390625
0 0.68046875 0.65625 0.10625 0.12109375
0 0.67109375 0.803125 0.0875 0.09609375
0 0.49921875 0.784375 0.08515625 0.10078125
0 0.44453125 0.8125 0.08359375 0.1234375
0 0.38046875 0.75234375 0.08046875 0.096875
0 0.41484375 0.3859375 0.07265625 0.12578125
0 0.35 0.38515625 0.11015625 0.12265625
0 0.35703125 0.4375 0.04921875 0.065625
0 0.33984375 0.21328125 0.09453125 0.128125
0 0.3640625 0.6015625 0.0875 0.10078125
0 0.36953125 0.553125 0.0671875 0.04140625
0 0.3609375 0.67578125 0.07890625 0.11640625
0 0.2984375 0.6546875 0.08984375 0.11328125
0 0.3109375 0.55703125 0.04140625 0.10703125
0 0.27421875 0.559375 0.0578125 0.08984375
0 0.23515625 0.6375 0.06015625 0.1171875
0 0.17578125 0.63046875 0.075 0.121875
0 0.17734375 0.4890625 0.05859375 0.1375
0 0.24765625 0.49765625 0.0828125 0.13046875
0 0.2625 0.43515625 0.07109375 0.0953125
0 0.19765625 0.271875 0.0859375 0.14609375
0 0.1484375 0.38125 0.04140625 0.11171875
0 0.11484375 0.4265625 0.0453125 0.12265625
0 0.06953125 0.24453125 0.09765625 0.1296875
0 0.146875 0.18359375 0.08828125 0.11953125
0 0.03828125 0.6328125 0.04140625 0.10234375
0 0.08828125 0.76953125 0.05234375 0.125