0 0.68359375 0.58203125 0.09375 0.11015625
0 0.50078125 0.59921875 0.06640625 0.121875
0 0.4546875 0.44765625 0.09453125 0.11953125
0 0.36484375 0.41484375 0.09765625 0.125
0 0.4 0.56640625 0.0625 0.10703125
0 0.4375 0.715625 0.09140625 0.12578125
0 0.42109375 0.82734375 0.0734375 0.1125
0 0.30078125 0.81796875 0.09140625 0.09921875
0 0.3625 0.75859375 0.0703125 0.1046875
0 0.31796875 0.64765625 0.09296875 0.12265625
0 0.3765625 0.7109375 0.078125 0.09765625
0 0.24609375 0.68125 0.10078125 0.1203125
0 0.15078125 0.67421875 0.10703125 0.134375
0 0.18359375 0.55 0.08203125 0.121875
0 0.2140625 0.51953125 0.0875 0.0984375
0 0.1140625 0.52734375 0.04296875 0.1234375
0 0.22109375 0.43671875 0.0921875 0.10390625
0 0.26171875 0.42734375 0.07734375 0.1046875
0 0.3046875 0.37421875 0.075 0.1203125
0 0.2703125 0.49375 0.04921875 0.0828125
0 0.25625 0.34375 0.07421875 0.08203125
0 0.20546875 0.2734375 0.04296875 0.12265625
0 0.1875 0.09375 0.10078125 0.13515625
0 0.10859375 0.1375 0.08046875 0.12578125
0 0.1359375 0.3109375 0.05078125 0.12734375
0 0.18203125 0.3734375 0.1015625 0.12734375
0 0.1515625 0.43515625 0.04765625 0.09609375
0 0.1 0.35625 0.05 0.146875
0 0.04609375 0.353125 0.0484375 0.1515625
0 0.046875 0.4375 0.046875 0.09296875