0 0.95234375 0.04609375 0.0890625 0.0921875
0 0.9484375 0.346875 0.10234375 0.12890625
0 0.94375 0.56640625 0.09296875 0.1265625
0 0.9109375 0.665625 0.10078125 0.12109375
0 0.9875 0.65546875 0.0234375 0.08515625
0 0.81640625 0.53359375 0.05234375 0.12890625
0 0.61171875 0.63203125 0.07265625 0.121875
0 0.47890625 0.475 0.10703125 0.11875
0 0.515625 0.54140625 0.0828125 0.10859375
0 0.4703125 0.5625 0.053125 0.09921875
0 0.47109375 0.65234375 0.08671875 0.1171875
0 0.50625 0.64296875 0.06796875 0.075
0 0.4 0.690625 0.0859375 0.1078125
0 0.3890625 0.48984375 0.06796875 0.12109375
0 0.38984375 0.5796875 0.04140625 0.08359375
0 0.3375 0.61171875 0.0640625 0.08828125
0 0.34140625 0.55859375 0.08203125 0.10859375
0 0.3515625 0.2328125 0.08984375 0.10625
0 0.32890625 0.31484375 0.0828125 0.09453125
0 0.315625 0.40703125 0.09453125 0.13515625
0 0.24453125 0.44296875 0.1140625 0.11875
0 0.26484375 0.51875 0.0796875 0.0875
0 0.2484375 0.634375 0.09765625 0.12265625
0 0.209375 0.54609375 0.0640625 0.13515625
0 0.25 0.55 0.053125 0.0828125
0 0.23046875 0.328125 0.05234375 0.12578125
0 0.15234375 0.29453125 0.05390625 0.10234375
0 0.09140625 0.19140625 0.0609375 0.146875
0 0.1421875 0.43125 0.08671875 0.11171875
0 0.08359375 0.61171875 0.06015625 0.1203125
0 0.09609375 0.68515625 0.0703125 0.13671875
0 0.0359375 0.42578125 0.0296875 0.09765625