0 0.91796875 0.79140625 0.071875 0.11171875
0 0.984375 0.7921875 0.01796875 0.1
0 0.63515625 0.22734375 0.04375 0.12265625
0 0.63828125 0.3421875 0.05 0.14140625
0 0.6296875 0.69296875 0.09296875 0.1203125
0 0.625 0.8125 0.05546875 0.13203125
0 0.759375 0.80078125 0.10703125 0.13671875
0 0.44921875 0.771875 0.103125 0.1078125
0 0.46328125 0.484375 0.109375 0.1421875
0 0.46484375 0.396875 0.09765625 0.0984375
0 0.4125 0.24765625 0.1015625 0.1359375
0 0.44296875 0.6140625 0.0765625 0.12421875
0 0.38671875 0.6234375 0.07265625 0.11171875
0 0.34296875 0.50390625 0.05234375 0.11796875
0 0.3703125 0.54609375 0.0578125 0.09609375
0 0.39921875 0.72890625 0.096875 0.11171875
0 0.31953125 0.7640625 0.04296875 0.1359375
0 0.3171875 0.746875 0.075 0.1
0 0.20859375 0.83671875 0.0765625 0.0859375
0 0.2640625 0.52734375 0.0515625 0.11015625
0 0.24140625 0.58046875 0.040625 0.13359375
0 0.2421875 0.4375 0.1 0.15859375
0 0.2046875 0.425 0.025 0.059375
0 0.23671875 0.36171875 0.096875 0.0859375
0 0.24609375 0.27265625 0.10546875 0.1265625
0 0.1546875 0.2890625 0.08046875 0.10703125
0 0.08359375 0.4671875 0.10703125 0.11640625
0 0.08046875 0.6453125 0.0640625 0.13671875
0 0.18984375 0.6546875 0.0625 0.1265625
0 0.0359375 0.646875 0.03671875 0.1265625