0 0.909375 0.0359375 0.09609375 0.071875
0 0.94921875 0.6890625 0.09609375 0.12421875
0 0.775 0.609375 0.11171875 0.1265625
0 0.8390625 0.415625 0.04765625 0.11796875
0 0.859375 0.5328125 0.07578125 0.10625
0 0.61640625 0.6296875 0.06328125 0.121875
0 0.603125 0.615625 0.078125 0.10234375
0 0.55859375 0.25390625 0.0796875 0.1203125
0 0.5140625 0.52265625 0.1109375 0.134375
0 0.41796875 0.5921875 0.08203125 0.11484375
0 0.44453125 0.6265625 0.04296875 0.11015625
0 0.3390625 0.65859375 0.08359375 0.11796875
0 0.375 0.334375 0.05859375 0.1265625
0 0.371875 0.43359375 0.0734375 0.1390625
0 0.26875 0.2234375 0.08828125 0.09765625
0 0.26953125 0.32890625 0.084375 0.12734375
0 0.27890625 0.48359375 0.078125 0.15234375
0 0.29375 0.61953125 0.06953125 0.1171875
0 0.2421875 0.48359375 0.0421875 0.103125
0 0.2578125 0.434375 0.075 0.0671875
0 0.15625 0.46875 0.04375 0.096875
0 0.13515625 0.5125 0.0609375 0.08828125
0 0.096875 0.46015625 0.07578125 0.09453125
0 0.1015625 0.36875 0.071875 0.10703125
0 0.1046875 0.25234375 0.0609375 0.11328125
0 0.1171875 0.69140625 0.05703125 0.09375
0 0.05625 0.63046875 0.0578125 0.11328125
0 0.1125 0.6109375 0.03515625 0.09296875