0 0.34765625 0.3640625 0.09609375 0.1078125
0 0.3140625 0.29375 0.08515625 0.096875
0 0.36796875 0.46015625 0.06640625 0.10546875
0 0.45625 0.40703125 0.08828125 0.1109375
0 0.496875 0.45234375 0.09765625 0.11171875
0 0.52109375 0.57578125 0.0828125 0.10234375
0 0.6578125 0.59296875 0.1171875 0.1265625
0 0.48984375 0.64609375 0.09296875 0.11953125
0 0.890625 0.69296875 0.0578125 0.1234375
0 0.6328125 0.6734375 0.05859375 0.0609375
0 0.465625 0.67890625 0.06875 0.0625
0 0.365625 0.7046875 0.09140625 0.10859375
0 0.3578125 0.6765625 0.09453125 0.084375
0 0.33984375 0.6125 0.1 0.1109375
0 0.296875 0.515625 0.084375 0.10546875
0 0.19765625 0.46328125 0.1 0.12890625
0 0.24375 0.38515625 0.09453125 0.10625
0 0.20390625 0.3578125 0.0578125 0.10078125
0 0.140625 0.36015625 0.1 0.1171875
0 0.11015625 0.29375 0.090625 0.121875
0 0.10703125 0.1546875 0.08125 0.1296875
0 0.02890625 0.1703125 0.03515625 0.1015625
0 0.0375 0.2640625 0.05078125 0.09140625
0 0.10390625 0.46875 0.09765625 0.125