0 0.24765625 0.0359375 0.09609375 0.071875
0 0.1359375 0.2125 0.07421875 0.109375
0 0.034375 0.33828125 0.03515625 0.09296875
0 0.175 0.334375 0.0734375 0.08984375
0 0.33046875 0.28984375 0.096875 0.11328125
0 0.39296875 0.26015625 0.09765625 0.10625
0 0.409375 0.353125 0.0640625 0.09140625
0 0.35 0.3921875 0.0890625 0.1109375
0 0.284375 0.37109375 0.0546875 0.11171875
0 0.50859375 0.4515625 0.04921875 0.1078125
0 0.6515625 0.40546875 0.0484375 0.1171875
0 0.68046875 0.28671875 0.09609375 0.16640625
0 0.934375 0.590625 0.0640625 0.1265625
0 0.62421875 0.6203125 0.08046875 0.10390625
0 0.47734375 0.59921875 0.10546875 0.13828125
0 0.4328125 0.703125 0.06875 0.121875
0 0.40234375 0.65703125 0.03828125 0.1
0 0.390625 0.54140625 0.0859375 0.11796875
0 0.31328125 0.5234375 0.0765625 0.128125
0 0.23828125 0.51328125 0.06171875 0.11328125
0 0.16953125 0.4953125 0.09921875 0.1421875
0 0.29609375 0.66484375 0.05703125 0.13984375
0 0.325 0.61171875 0.059375 0.090625
0 0.2734375 0.4640625 0.03125 0.09140625
0 0.08046875 0.49765625 0.0453125 0.1078125