0 0.93671875 0.6765625 0.05234375 0.10859375
0 0.98984375 0.66640625 0.01953125 0.090625
0 0.8609375 0.66328125 0.0484375 0.12578125
0 0.6890625 0.3890625 0.0953125 0.1171875
0 0.68046875 0.61640625 0.046875 0.12890625
0 0.671875 0.59140625 0.078125 0.09453125
0 0.51953125 0.6421875 0.08828125 0.1140625
0 0.54453125 0.559375 0.109375 0.13671875
0 0.45703125 0.1765625 0.06171875 0.1265625
0 0.4984375 0.27734375 0.07578125 0.1171875
0 0.45859375 0.3734375 0.09609375 0.1265625
0 0.365625 0.42734375 0.08984375 0.1140625
0 0.41484375 0.5859375 0.06796875 0.1125
0 0.3671875 0.60625 0.0828125 0.1109375
0 0.2984375 0.51640625 0.0875 0.1171875
0 0.2125 0.353125 0.096875 0.125
0 0.2796875 0.4078125 0.0828125 0.1078125
0 0.2078125 0.42109375 0.06484375 0.08203125
0 0.21953125 0.55390625 0.06875 0.15
0 0.18671875 0.553125 0.0453125 0.084375
0 0.1703125 0.51328125 0.06484375 0.0953125
0 0.13828125 0.58359375 0.06796875 0.0875
0 0.10390625 0.2875 0.09453125 0.1125
0 0.1171875 0.4265625 0.06875 0.1140625
0 0.0546875 0.51484375 0.05 0.090625
0 0.04609375 0.60078125 0.03203125 0.1125
0 0.0828125 0.696875 0.040625 0.1
0 0.0359375 0.275 0.025 0.08359375