0 0.10859375 0.14140625 0.08203125 0.115625
0 0.16796875 0.1640625 0.08203125 0.10625
0 0.09453125 0.30390625 0.0640625 0.14765625
0 0.23203125 0.3625 0.11796875 0.14453125
0 0.3625 0.37421875 0.09453125 0.12578125
0 0.52890625 0.24921875 0.08984375 0.11015625
0 0.57578125 0.40390625 0.08515625 0.0921875
0 0.5265625 0.47734375 0.08984375 0.1078125
0 0.79296875 0.603125 0.06796875 0.1
0 0.71640625 0.59765625 0.06953125 0.10234375
0 0.828125 0.7875 0.09375 0.1046875
0 0.61015625 0.63984375 0.06484375 0.1125
0 0.49609375 0.61953125 0.05 0.12578125
0 0.46015625 0.6234375 0.053125 0.10625
0 0.40390625 0.76015625 0.07734375 0.1421875
0 0.3015625 0.809375 0.08203125 0.1015625
0 0.35703125 0.63828125 0.065625 0.16796875
0 0.34609375 0.64921875 0.06875 0.17265625
0 0.30390625 0.6 0.0375 0.1
0 0.30546875 0.50625 0.053125 0.09140625
0 0.26171875 0.4921875 0.05 0.11875
0 0.1375 0.53359375 0.04609375 0.13203125
0 0.21015625 0.5921875 0.0484375 0.0859375
0 0.2203125 0.665625 0.0859375 0.10625
0 0.24765625 0.6203125 0.05625 0.05
0 0.27890625 0.6921875 0.09453125 0.10703125
0 0.08984375 0.80546875 0.10703125 0.13125
0 0.08828125 0.728125 0.06953125 0.0859375
0 0.08671875 0.63125 0.0515625 0.1203125