0 0.7734375 0.58515625 0.06484375 0.103125
0 0.671875 0.578125 0.0578125 0.11484375
0 0.6859375 0.734375 0.0546875 0.1234375
0 0.565625 0.56875 0.09296875 0.12578125
0 0.5421875 0.7234375 0.05859375 0.109375
0 0.4984375 0.7109375 0.09609375 0.13046875
0 0.4234375 0.66171875 0.10546875 0.11484375
0 0.475 0.51484375 0.0953125 0.121875
0 0.4578125 0.44453125 0.0765625 0.13359375
0 0.3984375 0.69453125 0.065625 0.0671875
0 0.38125 0.765625 0.08671875 0.09375
0 0.328125 0.7234375 0.084375 0.109375
0 0.284375 0.79453125 0.040625 0.1109375
0 0.12578125 0.83359375 0.04296875 0.109375
0 0.10546875 0.5453125 0.08359375 0.1125
0 0.0796875 0.26640625 0.09375 0.12109375
0 0.3390625 0.36484375 0.09609375 0.12578125
0 0.2140625 0.45 0.096875 0.125
0 0.35546875 0.50625 0.08671875 0.09140625
0 0.3328125 0.59765625 0.05703125 0.13984375
0 0.265625 0.63203125 0.09375 0.11484375
0 0.2078125 0.6234375 0.04140625 0.10703125
0 0.17734375 0.5328125 0.0578125 0.13046875
0 0.24921875 0.5609375 0.04140625 0.08046875
0 0.0296875 0.540625 0.0265625 0.09375
0 0.0671875 0.76015625 0.0453125 0.0984375