0 0.89921875 0.7953125 0.09296875 0.11171875
0 0.72265625 0.8015625 0.0953125 0.13046875
0 0.653125 0.80625 0.0421875 0.1390625
0 0.6109375 0.75390625 0.0921875 0.11875
0 0.55859375 0.475 0.1109375 0.13671875
0 0.68203125 0.365625 0.065625 0.1375
0 0.68046875 0.26640625 0.04375 0.1109375
0 0.52734375 0.3828125 0.1 0.11484375
0 0.41640625 0.33203125 0.10546875 0.1234375
0 0.25078125 0.24140625 0.0875 0.125
0 0.18359375 0.30390625 0.08125 0.075
0 0.19453125 0.371875 0.10390625 0.115625
0 0.2296875 0.46640625 0.0984375 0.16796875
0 0.2671875 0.48828125 0.0734375 0.11171875
0 0.2140625 0.428125 0.08359375 0.09296875
0 0.07265625 0.41875 0.04765625 0.11953125
0 0.08203125 0.71328125 0.04453125 0.12265625
0 0.175 0.64296875 0.03828125 0.0984375
0 0.19609375 0.69140625 0.0828125 0.03671875
0 0.24609375 0.58203125 0.0515625 0.08515625
0 0.32421875 0.66640625 0.08046875 0.0984375
0 0.37734375 0.49140625 0.05 0.1265625
0 0.390625 0.62890625 0.06953125 0.10859375
0 0.434375 0.7078125 0.09921875 0.1015625
0 0.44609375 0.6390625 0.05703125 0.08515625
0 0.40234375 0.76796875 0.1015625 0.12265625
0 0.32109375 0.80078125 0.075 0.10078125
0 0.3328125 0.74921875 0.07109375 0.08984375
0 0.3828125 0.56015625 0.06328125 0.06640625
0 0.24921875 0.8328125 0.06953125 0.10859375