0 0.96171875 0.76328125 0.05859375 0.109375
0 0.90234375 0.76640625 0.05390625 0.103125
0 0.7796875 0.6703125 0.0859375 0.1234375
0 0.60703125 0.3109375 0.1078125 0.1375
0 0.55625 0.509375 0.06640625 0.159375
0 0.5109375 0.5296875 0.1109375 0.13828125
0 0.659375 0.79453125 0.0796875 0.14921875
0 0.59453125 0.80703125 0.0671875 0.11875
0 0.5234375 0.80546875 0.059375 0.09921875
0 0.48046875 0.76484375 0.06875 0.1296875
0 0.5109375 0.70625 0.04453125 0.11171875
0 0.4265625 0.63203125 0.09921875 0.0921875
0 0.4453125 0.56328125 0.078125 0.1421875
0 0.36015625 0.50546875 0.0953125 0.12421875
0 0.2875 0.51953125 0.09765625 0.1203125
0 0.41328125 0.521875 0.0671875 0.09140625
0 0.271875 0.58828125 0.10078125 0.11171875
0 0.25546875 0.6015625 0.06484375 0.134375
0 0.33671875 0.75546875 0.09140625 0.1140625
0 0.13515625 0.66796875 0.046875 0.11484375
0 0.184375 0.7046875 0.07421875 0.06171875
0 0.16171875 0.396875 0.0546875 0.10859375
0 0.2390625 0.42265625 0.07734375 0.15625
0 0.3328125 0.36171875 0.09453125 0.12109375
0 0.33359375 0.2265625 0.11640625 0.13828125
0 0.13515625 0.2859375 0.0875 0.109375
0 0.11953125 0.2234375 0.08125 0.08984375
0 0.15078125 0.17421875 0.0640625 0.10390625
0 0.11484375 0.42421875 0.05546875 0.10625