0 0.90859375 0.25546875 0.08828125 0.13046875
0 0.7921875 0.5296875 0.10625 0.13828125
0 0.79375 0.76796875 0.0609375 0.13984375
0 0.7390625 0.703125 0.0765625 0.09765625
0 0.71015625 0.76640625 0.0984375 0.1203125
0 0.62578125 0.7484375 0.09609375 0.09765625
0 0.6109375 0.66796875 0.0859375 0.1171875
0 0.57734375 0.61328125 0.078125 0.1359375
0 0.48203125 0.678125 0.10390625 0.12109375
0 0.51796875 0.5015625 0.10234375 0.11796875
0 0.53984375 0.33671875 0.09765625 0.1265625
0 0.425 0.1765625 0.05 0.11953125
0 0.19921875 0.09921875 0.0984375 0.1109375
0 0.36171875 0.3859375 0.096875 0.1109375
0 0.4515625 0.4296875 0.0984375 0.11640625
0 0.43203125 0.72734375 0.071875 0.11171875
0 0.48984375 0.7609375 0.0390625 0.09375
0 0.36875 0.81640625 0.0921875 0.103125
0 0.2734375 0.70234375 0.10234375 0.12578125
0 0.33046875 0.709375 0.06796875 0.1015625
0 0.28125 0.5484375 0.06328125 0.13203125
0 0.21171875 0.396875 0.09921875 0.15390625
0 0.090625 0.28984375 0.0828125 0.11328125
0 0.1515625 0.36484375 0.07265625 0.11171875
0 0.03125 0.36484375 0.03515625 0.11171875
0 0.12890625 0.50859375 0.09140625 0.12734375
0 0.10703125 0.575 0.05703125 0.11015625
0 0.07109375 0.7328125 0.08984375 0.1375
0 0.0984375 0.69140625 0.05625 0.09453125
0 0.03671875 0.5125 0.046875 0.11484375
0 0.05859375 0.50234375 0.0390625 0.096875
0 0.03203125 0.578125 0.03125 0.08046875
0 0.0734375 0.58671875 0.0359375 0.11484375
0 0.2046875 0.66484375 0.0578125 0.11328125