0 0.6 0.553125 0.07890625 0.134375
0 0.44921875 0.45078125 0.096875 0.12265625
0 0.471875 0.6140625 0.04921875 0.1109375
0 0.39453125 0.4875 0.10078125 0.11015625
0 0.446875 0.68203125 0.0984375 0.11953125
0 0.390625 0.6375 0.0640625 0.1125
0 0.36640625 0.66640625 0.065625 0.096875
0 0.27890625 0.6171875 0.103125 0.12421875
0 0.32421875 0.51015625 0.090625 0.10234375
0 0.20859375 0.4390625 0.0828125 0.10390625
0 0.2890625 0.39375 0.08359375 0.125
0 0.28203125 0.37578125 0.0578125 0.05859375
0 0.23359375 0.6234375 0.059375 0.1109375
0 0.3203125 0.5859375 0.0390625 0.1015625
0 0.2453125 0.46953125 0.0515625 0.10078125
0 0.1859375 0.53984375 0.06796875 0.1015625
0 0.1875 0.27109375 0.04453125 0.125
0 0.18515625 0.37109375 0.0625 0.109375
0 0.18984375 0.62265625 0.09765625 0.11796875
0 0.41484375 0.81484375 0.08515625 0.11171875
0 0.4609375 0.80390625 0.05078125 0.10546875
0 0.359375 0.7828125 0.08046875 0.1109375
0 0.2828125 0.82265625 0.09375 0.11171875
0 0.10390625 0.41328125 0.06015625 0.12734375
0 0.1234375 0.27734375 0.04765625 0.10859375
0 0.10234375 0.09921875 0.10546875 0.1171875
0 0.06875 0.225 0.04453125 0.1234375
0 0.103125 0.17890625 0.04140625 0.0765625
0 0.03515625 0.18203125 0.03515625 0.09140625
0 0.05859375 0.2828125 0.04921875 0.10546875
0 0.11796875 0.49140625 0.0484375 0.10859375
0 0.0375 0.52734375 0.04453125 0.12109375