0 0.9453125 0.63671875 0.05234375 0.18984375
0 0.88515625 0.75078125 0.10078125 0.13359375
0 0.62890625 0.52421875 0.0625 0.13984375
0 0.60625 0.57734375 0.07109375 0.13046875
0 0.6453125 0.6734375 0.0859375 0.1171875
0 0.5546875 0.78359375 0.0859375 0.11015625
0 0.52265625 0.7171875 0.11640625 0.12734375
0 0.4765625 0.746875 0.08046875 0.1
0 0.3984375 0.74765625 0.0828125 0.1015625
0 0.47265625 0.640625 0.1015625 0.10078125
0 0.41484375 0.70703125 0.0734375 0.06953125
0 0.425 0.653125 0.0625 0.096875
0 0.446875 0.51875 0.04609375 0.1375
0 0.45625 0.50234375 0.08828125 0.10625
0 0.36328125 0.490625 0.10859375 0.12265625
0 0.375 0.3765625 0.0953125 0.1
0 0.4296875 0.23515625 0.08828125 0.128125
0 0.340625 0.5859375 0.06171875 0.10390625
0 0.3359375 0.6671875 0.09375 0.1171875
0 0.2953125 0.80078125 0.1015625 0.134375
0 0.24453125 0.6453125 0.09453125 0.1078125
0 0.29921875 0.52265625 0.09453125 0.12734375
0 0.253125 0.553125 0.07421875 0.090625
0 0.103125 0.81328125 0.0609375 0.14296875
0 0.109375 0.4671875 0.090625 0.13671875
0 0.15 0.48359375 0.0390625 0.12265625
0 0.159375 0.34921875 0.08515625 0.1203125
0 0.13515625 0.1515625 0.07890625 0.11328125