0 0.88984375 0.4375 0.04375 0.11796875
0 0.96171875 0.43125 0.053125 0.1171875
0 0.9109375 0.76875 0.07578125 0.1328125
0 0.7265625 0.75 0.034375 0.0828125
0 0.690625 0.584375 0.08046875 0.11953125
0 0.6515625 0.67421875 0.0859375 0.1140625
0 0.61484375 0.63515625 0.06171875 0.090625
0 0.59921875 0.75078125 0.046875 0.1015625
0 0.53046875 0.81953125 0.09296875 0.11796875
0 0.46875 0.76015625 0.07890625 0.096875
0 0.52421875 0.68515625 0.0796875 0.12265625
0 0.54453125 0.46171875 0.10703125 0.12578125
0 0.4984375 0.38515625 0.08125 0.1140625
0 0.3109375 0.271875 0.09765625 0.11953125
0 0.3109375 0.12578125 0.05234375 0.11328125
0 0.134375 0.2078125 0.08203125 0.11875
0 0.24921875 0.48359375 0.0703125 0.11015625
0 0.38359375 0.540625 0.10078125 0.11328125
0 0.42890625 0.58046875 0.0859375 0.11953125
0 0.38828125 0.65078125 0.084375 0.12890625
0 0.31328125 0.66953125 0.10078125 0.125
0 0.36171875 0.7890625 0.0640625 0.11796875
0 0.28828125 0.8296875 0.08828125 0.1
0 0.17578125 0.68046875 0.09765625 0.08671875
0 0.25859375 0.60234375 0.06796875 0.1234375
0 0.3125 0.55859375 0.05078125 0.12890625
0 0.16796875 0.6125 0.08359375 0.08046875
0 0.1578125 0.54140625 0.0640625 0.0984375
0 0.14453125 0.4421875 0.0796875 0.1203125
0 0.04921875 0.54296875 0.05703125 0.11328125
0 0.03515625 0.659375 0.03984375 0.090625