0 0.64921875 0.16953125 0.109375 0.2296875
0 0.07734375 0.321875 0.1546875 0.24375
0 0.421875 0.3875 0.13984375 0.165625
0 0.6125 0.865625 0.190625 0.1921875
0 0.22890625 0.53359375 0.121875 0.1796875
0 0.384375 0.27109375 0.14375 0.15625
0 0.67890625 0.3609375 0.19375 0.1828125
0 0.65390625 0.68046875 0.16640625 0.16640625
0 0.890625 0.3734375 0.10859375 0.10234375
0 0.50859375 0.659375 0.1390625 0.15546875
0 0.3625 0.58671875 0.11953125 0.15859375
0 0.59296875 0.51171875 0.15859375 0.16484375
0 0.29453125 0.40859375 0.06640625 0.1375
0 0.178125 0.38828125 0.1609375 0.14140625
0 0.8765625 0.48828125 0.23671875 0.2671875
0 0.5 0.50234375 0.11171875 0.128125
0 0.928125 0.72578125 0.14375 0.2015625
0 0.5890625 0.40078125 0.05234375 0.11171875
0 0.0875 0.56640625 0.09609375 0.1671875