0 0.70703125 0.471875 0.24921875 0.29296875
0 0.5390625 0.48125 0.1921875 0.22890625
0 0.60390625 0.67265625 0.103125 0.15234375
0 0.82421875 0.715625 0.1015625 0.2453125
0 0.95390625 0.7625 0.0921875 0.2359375
0 0.2234375 0.66015625 0.12421875 0.25390625
0 0.24140625 0.103125 0.2109375 0.20546875
0 0.56640625 0.0921875 0.125 0.18359375
0 0.0609375 0.584375 0.08828125 0.15078125
0 0.09921875 0.28984375 0.1296875 0.303125
0 0.034375 0.7796875 0.06796875 0.19453125
0 0.0359375 0.23984375 0.071875 0.1640625
0 0.078125 0.0359375 0.125 0.071875