0 0.84609375 0.77265625 0.04921875 0.11796875
0 0.584375 0.7 0.0984375 0.1140625
0 0.51484375 0.79921875 0.0609375 0.11171875
0 0.49453125 0.4984375 0.07890625 0.1484375
0 0.50078125 0.36171875 0.10078125 0.10859375
0 0.4921875 0.2015625 0.0984375 0.128125
0 0.36796875 0.2125 0.08984375 0.121875
0 0.409375 0.315625 0.06953125 0.17890625
0 0.4109375 0.4140625 0.07734375 0.09453125
0 0.41875 0.4921875 0.0734375 0.134375
0 0.38046875 0.5515625 0.06015625 0.1109375
0 0.421875 0.6828125 0.06875 0.14375
0 0.35859375 0.69609375 0.1046875 0.13359375
0 0.3078125 0.540625 0.04609375 0.1171875
0 0.31484375 0.61171875 0.0609375 0.0984375
0 0.2828125 0.628125 0.04921875 0.090625
0 0.21953125 0.56796875 0.046875 0.11484375
0 0.26875 0.4953125 0.0640625 0.11953125
0 0.215625 0.453125 0.090625 0.12890625
0 0.1765625 0.37265625 0.0484375 0.12578125
0 0.13828125 0.17265625 0.090625 0.12421875
0 0.0828125 0.40859375 0.05703125 0.128125
0 0.14375 0.4828125 0.06640625 0.15078125
0 0.07578125 0.54921875 0.05625 0.12109375
0 0.0359375 0.5515625 0.02890625 0.11328125
0 0.14765625 0.6578125 0.1015625 0.11484375
0 0.09921875 0.64453125 0.05078125 0.10078125
0 0.04140625 0.64453125 0.0375 0.09765625
0 0.04453125 0.79765625 0.0421875 0.09296875
0 0.1046875 0.79609375 0.0375 0.0953125
0 0.0640625 0.74453125 0.0515625 0.10625