0 0.06953125 0.1171875 0.06015625 0.15625
0 0.12734375 0.14453125 0.03984375 0.10625
0 0.1390625 0.1625 0.06484375 0.084375
0 0.2703125 0.2125 0.10390625 0.10625
0 0.2078125 0.2984375 0.09375 0.13046875
0 0.27265625 0.31328125 0.10859375 0.13046875
0 0.3703125 0.396875 0.07421875 0.1140625
0 0.46953125 0.38984375 0.075 0.11328125
0 0.309375 0.4390625 0.04453125 0.109375
0 0.36171875 0.51015625 0.04296875 0.11484375
0 0.31015625 0.55390625 0.08359375 0.1171875
0 0.39453125 0.5953125 0.06171875 0.128125
0 0.37578125 0.5625 0.0578125 0.0859375
0 0.3125 0.66640625 0.08828125 0.10078125
0 0.51953125 0.7 0.09921875 0.1234375
0 0.625 0.7296875 0.07890625 0.10390625
0 0.57578125 0.80078125 0.0859375 0.09296875
0 0.4984375 0.81796875 0.090625 0.11875
0 0.41171875 0.80234375 0.084375 0.09765625
0 0.371875 0.7484375 0.06796875 0.10546875
0 0.12109375 0.796875 0.0921875 0.12734375
0 0.20234375 0.68125 0.07734375 0.06171875
0 0.25625 0.596875 0.0890625 0.10859375
0 0.2359375 0.571875 0.06875 0.08515625
0 0.1984375 0.55859375 0.05859375 0.0984375
0 0.2484375 0.47578125 0.0375 0.125
0 0.23671875 0.46015625 0.0734375 0.11015625
0 0.1328125 0.5328125 0.08359375 0.12890625
0 0.10078125 0.421875 0.053125 0.1109375
0 0.0390625 0.4265625 0.04453125 0.11875