0 0.8265625 0.76015625 0.040625 0.121875
0 0.56953125 0.72265625 0.1015625 0.115625
0 0.4984375 0.77421875 0.04609375 0.12421875
0 0.51953125 0.3453125 0.05703125 0.1078125
0 0.45859375 0.2515625 0.04921875 0.13515625
0 0.39453125 0.2328125 0.0609375 0.11875
0 0.50078125 0.46484375 0.10078125 0.13203125
0 0.39296875 0.40234375 0.0890625 0.13828125
0 0.41640625 0.4203125 0.06484375 0.1234375
0 0.31953125 0.35703125 0.078125 0.1609375
0 0.38203125 0.5484375 0.06171875 0.125
0 0.4640625 0.62265625 0.065625 0.159375
0 0.35859375 0.70234375 0.06953125 0.10859375
0 0.30859375 0.609375 0.0390625 0.10078125
0 0.3421875 0.62734375 0.046875 0.09609375
0 0.25390625 0.5046875 0.0671875 0.1046875
0 0.2015625 0.47421875 0.07578125 0.128125
0 0.1875 0.38984375 0.04765625 0.103125
0 0.20078125 0.59609375 0.04765625 0.11171875
0 0.24140625 0.59140625 0.0515625 0.08671875
0 0.22109375 0.67734375 0.09296875 0.121875
0 0.17578125 0.68671875 0.06328125 0.08671875
0 0.09375 0.80078125 0.0375 0.09296875
0 0.12109375 0.60859375 0.04921875 0.08984375
0 0.08359375 0.5703125 0.05078125 0.10390625
0 0.1203125 0.3859375 0.06953125 0.11328125
0 0.1421875 0.48515625 0.0578125 0.1203125
0 0.10234375 0.15546875 0.0734375 0.12421875
0 0.0359375 0.5703125 0.02734375 0.10703125
0 0.08203125 0.4921875 0.0609375 0.08828125
0 0.06875 0.73984375 0.053125 0.10078125
0 0.04296875 0.803125 0.03984375 0.1046875