0 0.8859375 0.67578125 0.0875 0.12578125
0 0.59140625 0.61015625 0.11328125 0.11640625
0 0.6515625 0.60703125 0.046875 0.103125
0 0.58984375 0.684375 0.08046875 0.08671875
0 0.5015625 0.61640625 0.0765625 0.12734375
0 0.4328125 0.6703125 0.0734375 0.12421875
0 0.41875 0.60859375 0.06796875 0.0921875
0 0.47265625 0.55546875 0.0765625 0.0890625
0 0.35078125 0.66875 0.09453125 0.08046875
0 0.36640625 0.7109375 0.09140625 0.0953125
0 0.1875 0.61640625 0.08671875 0.11171875
0 0.3 0.53125 0.1 0.13046875
0 0.43515625 0.40390625 0.09296875 0.1140625
0 0.34296875 0.3703125 0.08046875 0.11484375
0 0.37578125 0.4625 0.08046875 0.08984375
0 0.40078125 0.36015625 0.0875 0.11171875
0 0.3203125 0.20703125 0.078125 0.09765625
0 0.2328125 0.29453125 0.103125 0.10390625
0 0.2453125 0.39765625 0.103125 0.12265625
0 0.21484375 0.48671875 0.0671875 0.1296875
0 0.27578125 0.4609375 0.0640625 0.08515625
0 0.1984375 0.39140625 0.059375 0.09609375
0 0.17265625 0.21484375 0.0765625 0.0921875
0 0.08984375 0.15546875 0.08671875 0.1265625
0 0.134375 0.32578125 0.090625 0.1296875
0 0.1515625 0.39765625 0.04375 0.08515625
0 0.1703125 0.48203125 0.05859375 0.09375
0 0.07890625 0.5140625 0.06328125 0.12890625
0 0.0328125 0.30390625 0.0390625 0.125
0 0.0953125 0.29609375 0.05703125 0.109375
0 0.06640625 0.259375 0.0515625 0.09375
0 0.02578125 0.39609375 0.03515625 0.0796875
0 0.03828125 0.48359375 0.03984375 0.09765625