0 0.72421875 0.26875 0.05546875 0.1171875
0 0.74453125 0.396875 0.0890625 0.13515625
0 0.6671875 0.4828125 0.08828125 0.121875
0 0.60546875 0.353125 0.0765625 0.11171875
0 0.975 0.79296875 0.03203125 0.1015625
0 0.9 0.78828125 0.0640625 0.103125
0 0.6703125 0.72734375 0.09375 0.134375
0 0.6890625 0.80078125 0.03984375 0.14140625
0 0.54921875 0.80390625 0.0875 0.09375
0 0.53984375 0.53984375 0.04296875 0.10546875
0 0.3953125 0.35234375 0.07890625 0.1359375
0 0.4046875 0.53046875 0.0671875 0.1296875
0 0.3609375 0.5796875 0.05 0.1203125
0 0.43125 0.6953125 0.0671875 0.1015625
0 0.403125 0.75546875 0.06484375 0.10625
0 0.36015625 0.66953125 0.0671875 0.1046875
0 0.3046875 0.6265625 0.06015625 0.12265625
0 0.3359375 0.76640625 0.0796875 0.128125
0 0.30234375 0.8328125 0.078125 0.10859375
0 0.1359375 0.75703125 0.0921875 0.13203125
0 0.16796875 0.68046875 0.08203125 0.08046875
0 0.23515625 0.6328125 0.08515625 0.1046875
0 0.23828125 0.53515625 0.10546875 0.13984375
0 0.1875 0.49140625 0.09921875 0.11328125
0 0.2359375 0.44921875 0.06171875 0.09296875
0 0.18359375 0.334375 0.10078125 0.128125
0 0.26953125 0.17890625 0.05234375 0.13046875
0 0.23046875 0.334375 0.05 0.10078125
0 0.134375 0.509375 0.0578125 0.11328125
0 0.17578125 0.6265625 0.0390625 0.10390625
0 0.0453125 0.690625 0.05078125 0.09453125
0 0.05 0.778125 0.0546875 0.10546875