0 0.8390625 0.56796875 0.09609375 0.1125
0 0.5515625 0.12421875 0.0671875 0.12109375
0 0.49609375 0.1640625 0.0453125 0.1203125
0 0.50625 0.2859375 0.0703125 0.11953125
0 0.46796875 0.35546875 0.09609375 0.1578125
0 0.5046875 0.425 0.08359375 0.13046875
0 0.4671875 0.54609375 0.08125 0.11875
0 0.39609375 0.64453125 0.10625 0.1234375
0 0.325 0.78828125 0.0921875 0.11171875
0 0.32421875 0.68984375 0.10234375 0.12265625
0 0.328125 0.58984375 0.1015625 0.1125
0 0.35078125 0.53515625 0.07421875 0.09609375
0 0.37890625 0.37578125 0.103125 0.12421875
0 0.3640625 0.43671875 0.07421875 0.06953125
0 0.36328125 0.25703125 0.1 0.1109375
0 0.2296875 0.2828125 0.07578125 0.12890625
0 0.2640625 0.38359375 0.084375 0.1328125
0 0.26484375 0.4890625 0.07890625 0.09921875
0 0.1453125 0.4828125 0.0921875 0.1171875
0 0.09296875 0.3265625 0.06171875 0.1265625
0 0.1359375 0.18984375 0.05234375 0.1453125
0 0.10546875 0.65859375 0.084375 0.1078125
0 0.04453125 0.7046875 0.05078125 0.12578125
0 0.09921875 0.7265625 0.0359375 0.0796875
0 0.1609375 0.66640625 0.0515625 0.09375
0 0.08125 0.58359375 0.08359375 0.13125
0 0.0390625 0.1859375 0.04296875 0.10390625