0 0.3140625 0.11328125 0.0796875 0.10546875
0 0.8375 0.65859375 0.09453125 0.10859375
0 0.5875 0.621875 0.0484375 0.09921875
0 0.50859375 0.584375 0.12109375 0.12890625
0 0.50859375 0.6734375 0.0734375 0.07890625
0 0.42734375 0.65078125 0.06171875 0.140625
0 0.3765625 0.703125 0.08515625 0.103125
0 0.33671875 0.66484375 0.09140625 0.09296875
0 0.43046875 0.5140625 0.0828125 0.103125
0 0.39375 0.3765625 0.08828125 0.115625
0 0.34296875 0.46484375 0.1078125 0.12421875
0 0.28984375 0.56015625 0.09921875 0.10390625
0 0.35625 0.58046875 0.07578125 0.09921875
0 0.234375 0.52578125 0.09765625 0.1296875
0 0.25625 0.41796875 0.0609375 0.1
0 0.221875 0.375 0.103125 0.1171875
0 0.31875 0.334375 0.08046875 0.13671875
0 0.2328125 0.265625 0.08046875 0.109375
0 0.2046875 0.2015625 0.06484375 0.09296875
0 0.11484375 0.2765625 0.103125 0.1265625
0 0.16328125 0.13359375 0.10546875 0.13046875
0 0.0796875 0.17109375 0.05 0.11875
0 0.16328125 0.35703125 0.06328125 0.09140625
0 0.20234375 0.434375 0.0625 0.06484375
0 0.14140625 0.49921875 0.07578125 0.109375
0 0.1078125 0.5765625 0.06875 0.12109375
0 0.03828125 0.56796875 0.028125 0.0859375