0 0.859375 0.74296875 0.08359375 0.10703125
0 0.584375 0.19296875 0.0765625 0.16171875
0 0.5984375 0.3328125 0.06640625 0.09765625
0 0.6 0.51328125 0.0921875 0.1140625
0 0.50859375 0.65390625 0.07734375 0.12265625
0 0.48203125 0.5796875 0.0984375 0.12734375
0 0.525 0.8203125 0.0796875 0.1171875
0 0.3984375 0.8125 0.08984375 0.11875
0 0.409375 0.7234375 0.10859375 0.12265625
0 0.459375 0.70625 0.07890625 0.103125
0 0.36328125 0.74609375 0.06484375 0.10546875
0 0.3421875 0.796875 0.05625 0.0796875
0 0.32109375 0.778125 0.0375 0.07734375
0 0.30625 0.66015625 0.09609375 0.11640625
0 0.36484375 0.5 0.09375 0.11484375
0 0.3625 0.40546875 0.08671875 0.0984375
0 0.2875 0.478125 0.10234375 0.12734375
0 0.17890625 0.3296875 0.090625 0.11328125
0 0.21015625 0.41484375 0.0765625 0.1015625
0 0.23828125 0.5296875 0.06640625 0.09453125
0 0.16953125 0.6640625 0.10546875 0.12421875
0 0.21875 0.6515625 0.0515625 0.0890625
0 0.16484375 0.72421875 0.07109375 0.06171875
0 0.1140625 0.5046875 0.0640625 0.10625
0 0.07265625 0.39453125 0.0640625 0.17421875
0 0.0421875 0.5046875 0.04296875 0.096875