0 0.58203125 0.2 0.3203125 0.4
0 0.45234375 0.19296875 0.1625 0.28984375
0 0.20859375 0.21328125 0.26484375 0.36796875
0 0.26015625 0.403125 0.22421875 0.23984375
0 0.3578125 0.54375 0.21796875 0.3359375
0 0.7984375 0.40078125 0.22421875 0.2796875
0 0.9109375 0.50390625 0.17734375 0.32890625
0 0.8234375 0.70625 0.20390625 0.2609375
0 0.9046875 0.85546875 0.190625 0.2859375
0 0.58515625 0.6828125 0.1421875 0.190625
0 0.51328125 0.74609375 0.11796875 0.23828125
0 0.696875 0.9203125 0.2015625 0.15859375
0 0.4234375 0.91875 0.2078125 0.1609375
0 0.22734375 0.659375 0.0953125 0.22890625
0 0.1703125 0.48828125 0.0953125 0.1890625
0 0.028125 0.22890625 0.05546875 0.29375
0 0.54609375 0.42890625 0.2203125 0.2578125