0 0.77578125 0.521875 0.0546875 0.1078125
0 0.50625 0.11875 0.09375 0.10703125
0 0.5375 0.21171875 0.09453125 0.11328125
0 0.52421875 0.41171875 0.09375 0.11875
0 0.3921875 0.17890625 0.0609375 0.13125
0 0.43203125 0.284375 0.1015625 0.1078125
0 0.4796875 0.33828125 0.08984375 0.11640625
0 0.49921875 0.52109375 0.11171875 0.11953125
0 0.44765625 0.71953125 0.0734375 0.08828125
0 0.37890625 0.75703125 0.1046875 0.121875
0 0.40625 0.609375 0.06796875 0.115625
0 0.3640625 0.5140625 0.09765625 0.12578125
0 0.36875 0.38046875 0.0859375 0.09453125
0 0.36953125 0.4140625 0.05859375 0.103125
0 0.29453125 0.3421875 0.08515625 0.14375
0 0.24921875 0.4625 0.065625 0.12890625
0 0.3 0.53359375 0.05625 0.10546875
0 0.2640625 0.55625 0.04375 0.109375
0 0.2953125 0.640625 0.1015625 0.11875
0 0.29609375 0.728125 0.078125 0.1
0 0.328125 0.78671875 0.071875 0.1140625
0 0.0625 0.77265625 0.08984375 0.12109375
0 0.17265625 0.56328125 0.04921875 0.13125
0 0.2171875 0.6515625 0.0625 0.11171875
0 0.2109375 0.49921875 0.07109375 0.0984375
0 0.1515625 0.4296875 0.04609375 0.1265625
0 0.17890625 0.375 0.090625 0.10390625
0 0.1828125 0.2609375 0.06640625 0.11796875
0 0.14296875 0.16171875 0.0609375 0.10703125
0 0.09375 0.29609375 0.05625 0.13125