0 0.76328125 0.4890625 0.08359375 0.1015625
0 0.7640625 0.5875 0.04375 0.0984375
0 0.76640625 0.753125 0.10234375 0.10390625
0 0.6765625 0.61328125 0.05390625 0.1265625
0 0.4328125 0.3125 0.08359375 0.0921875
0 0.48515625 0.503125 0.08125 0.10625
0 0.43671875 0.721875 0.103125 0.1296875
0 0.44296875 0.7203125 0.0859375 0.15703125
0 0.23984375 0.346875 0.1171875 0.1296875
0 0.26328125 0.38671875 0.0875 0.10859375
0 0.1953125 0.440625 0.084375 0.1046875
0 0.16171875 0.5265625 0.053125 0.1125
0 0.196875 0.525 0.0609375 0.1140625
0 0.215625 0.58515625 0.07578125 0.08515625
0 0.29375 0.6046875 0.07890625 0.10078125
0 0.33515625 0.615625 0.0390625 0.07109375
0 0.33515625 0.68828125 0.10078125 0.11015625
0 0.2546875 0.6734375 0.04765625 0.07109375
0 0.1375 0.66015625 0.0515625 0.0875
0 0.11953125 0.72890625 0.10390625 0.13125
0 0.071875 0.825 0.0859375 0.1140625
0 0.2890625 0.8296875 0.090625 0.0953125
0 0.33984375 0.77890625 0.084375 0.12734375
0 0.084375 0.37109375 0.05546875 0.1421875
0 0.03203125 0.53046875 0.04296875 0.1015625
0 0.11484375 0.153125 0.09609375 0.13203125
0 0.3578125 0.3171875 0.0875 0.1125
0 0.41640625 0.52734375 0.065625 0.1109375