0 0.80703125 0.43984375 0.0390625 0.14140625
0 0.9296875 0.8015625 0.06171875 0.109375
0 0.696875 0.5484375 0.06015625 0.1046875
0 0.60859375 0.7265625 0.103125 0.128125
0 0.59296875 0.81875 0.07890625 0.10078125
0 0.5453125 0.82578125 0.09453125 0.11484375
0 0.5265625 0.76875 0.08671875 0.115625
0 0.45234375 0.79140625 0.0578125 0.11015625
0 0.4796875 0.6921875 0.07734375 0.09765625
0 0.4984375 0.6078125 0.0734375 0.10234375
0 0.54375 0.52734375 0.08828125 0.13828125
0 0.4828125 0.50078125 0.07578125 0.10859375
0 0.45546875 0.36875 0.096875 0.18359375
0 0.378125 0.43046875 0.071875 0.1296875
0 0.28125 0.42734375 0.078125 0.109375
0 0.28671875 0.378125 0.08359375 0.121875
0 0.1359375 0.321875 0.040625 0.11875
0 0.18125 0.47890625 0.05 0.0984375
0 0.2859375 0.53515625 0.09140625 0.10859375
0 0.4 0.59609375 0.1015625 0.125
0 0.38203125 0.63515625 0.0625 0.07265625
0 0.3390625 0.68515625 0.08984375 0.10234375
0 0.37578125 0.7515625 0.09453125 0.10625
0 0.15859375 0.775 0.109375 0.1140625
0 0.30390625 0.73359375 0.0625 0.10390625
0 0.275 0.634375 0.0671875 0.10546875
0 0.19296875 0.61875 0.0953125 0.11953125
0 0.18359375 0.5546875 0.06171875 0.0703125
0 0.16640625 0.66875 0.03828125 0.05625
0 0.08515625 0.63359375 0.0546875 0.1296875
0 0.0328125 0.62421875 0.03671875 0.10625
0 0.03828125 0.48125 0.04453125 0.09921875