0 0.91015625 0.709375 0.1140625 0.11953125
0 0.978125 0.73125 0.0328125 0.11484375
0 0.7046875 0.55390625 0.04921875 0.1234375
0 0.546875 0.5515625 0.053125 0.1359375
0 0.5390625 0.64765625 0.09375 0.16328125
0 0.48984375 0.4640625 0.10078125 0.14140625
0 0.4171875 0.4328125 0.10546875 0.134375
0 0.4890625 0.7453125 0.0828125 0.1296875
0 0.428125 0.74296875 0.0921875 0.10546875
0 0.3390625 0.74921875 0.065625 0.11484375
0 0.3046875 0.66171875 0.10546875 0.1265625
0 0.4046875 0.54765625 0.090625 0.1078125
0 0.44921875 0.54609375 0.06796875 0.10234375
0 0.315625 0.5234375 0.09453125 0.11796875
0 0.30078125 0.41484375 0.05859375 0.10625
0 0.36171875 0.2203125 0.04296875 0.11328125
0 0.309375 0.203125 0.08203125 0.1265625
0 0.2734375 0.278125 0.05546875 0.14921875
0 0.1765625 0.28828125 0.084375 0.11328125
0 0.11015625 0.33984375 0.0578125 0.1375
0 0.08046875 0.16015625 0.0984375 0.1328125
0 0.2078125 0.5296875 0.06640625 0.12109375
0 0.07109375 0.6015625 0.0546875 0.1078125
0 0.1125 0.6078125 0.0875 0.12421875
0 0.17421875 0.559375 0.040625 0.1109375
0 0.2171875 0.6421875 0.06953125 0.0921875
0 0.20078125 0.678125 0.08359375 0.109375
0 0.14296875 0.6765625 0.053125 0.11796875