0 0.54921875 0.15078125 0.04609375 0.1078125
0 0.65234375 0.4921875 0.0984375 0.115625
0 0.93125 0.76015625 0.05078125 0.14453125
0 0.9765625 0.76015625 0.04296875 0.14453125
0 0.625 0.79375 0.0921875 0.0953125
0 0.5890625 0.72734375 0.0890625 0.096875
0 0.54453125 0.6640625 0.10703125 0.121875
0 0.49609375 0.5328125 0.1 0.11328125
0 0.43125 0.2390625 0.09453125 0.14375
0 0.44296875 0.26875 0.1015625 0.134375
0 0.3265625 0.25859375 0.09453125 0.11796875
0 0.3015625 0.2140625 0.0703125 0.11640625
0 0.1359375 0.13984375 0.0828125 0.0984375
0 0.1609375 0.18125 0.05546875 0.11796875
0 0.09609375 0.5109375 0.04453125 0.13203125
0 0.22265625 0.53125 0.09453125 0.1109375
0 0.17890625 0.53984375 0.04375 0.10234375
0 0.221875 0.6515625 0.0578125 0.1125
0 0.15625 0.6484375 0.05703125 0.1046875
0 0.04140625 0.65390625 0.03515625 0.0984375
0 0.1421875 0.82578125 0.08671875 0.11015625
0 0.3125 0.75078125 0.075 0.1171875
0 0.38046875 0.76171875 0.0546875 0.103125
0 0.4609375 0.75546875 0.07578125 0.1046875
0 0.48125 0.6453125 0.07109375 0.103125
0 0.43046875 0.5734375 0.05390625 0.1109375
0 0.4046875 0.51640625 0.08203125 0.13046875
0 0.36640625 0.61953125 0.06015625 0.134375
0 0.31953125 0.65078125 0.0578125 0.13046875