0 0.8890625 0.5484375 0.05 0.11640625
0 0.67734375 0.36875 0.0796875 0.1125
0 0.6203125 0.73671875 0.08203125 0.1046875
0 0.5546875 0.63984375 0.05234375 0.15
0 0.41015625 0.3921875 0.096875 0.11640625
0 0.43515625 0.49609375 0.1203125 0.14140625
0 0.44453125 0.590625 0.0953125 0.128125
0 0.46015625 0.73515625 0.0921875 0.12421875
0 0.36640625 0.7171875 0.0921875 0.11953125
0 0.3828125 0.8015625 0.04296875 0.1125
0 0.31953125 0.75625 0.0734375 0.10234375
0 0.35859375 0.54375 0.1015625 0.11328125
0 0.28984375 0.5125 0.06875 0.140625
0 0.32109375 0.421875 0.0703125 0.10234375
0 0.23984375 0.37109375 0.0828125 0.11484375
0 0.25546875 0.3140625 0.084375 0.10390625
0 0.2671875 0.2109375 0.0859375 0.14609375
0 0.18359375 0.1765625 0.0859375 0.1109375
0 0.1640625 0.29296875 0.0625 0.1109375
0 0.13359375 0.2109375 0.053125 0.1359375
0 0.0453125 0.21015625 0.065625 0.1359375
0 0.0796875 0.51484375 0.08046875 0.11484375
0 0.16171875 0.58515625 0.084375 0.13671875
0 0.21640625 0.62734375 0.05546875 0.125
0 0.23828125 0.6890625 0.05546875 0.059375
0 0.07578125 0.70859375 0.0734375 0.103125
0 0.1390625 0.69453125 0.046875 0.0671875
0 0.10078125 0.82109375 0.06484375 0.11953125