0 0.92109375 0.7984375 0.10078125 0.12265625
0 0.60625 0.4359375 0.1203125 0.13828125
0 0.5859375 0.37578125 0.09140625 0.07734375
0 0.546875 0.45390625 0.0359375 0.1046875
0 0.546875 0.66640625 0.0953125 0.121875
0 0.46640625 0.61484375 0.084375 0.096875
0 0.4234375 0.5265625 0.071875 0.13125
0 0.38671875 0.32109375 0.10234375 0.11015625
0 0.3765625 0.434375 0.046875 0.128125
0 0.3359375 0.38828125 0.10546875 0.12578125
0 0.25234375 0.4390625 0.0921875 0.11171875
0 0.32890625 0.5015625 0.05234375 0.12109375
0 0.4578125 0.753125 0.0765625 0.1015625
0 0.36640625 0.775 0.07890625 0.1015625
0 0.33515625 0.70234375 0.0671875 0.13359375
0 0.30546875 0.6609375 0.0390625 0.10703125
0 0.31015625 0.77265625 0.0484375 0.10234375
0 0.26484375 0.5171875 0.08671875 0.0984375
0 0.22578125 0.52109375 0.05703125 0.1296875
0 0.19375 0.5703125 0.06015625 0.14296875
0 0.16953125 0.32265625 0.0453125 0.12109375
0 0.12421875 0.2453125 0.1046875 0.11171875
0 0.10859375 0.41796875 0.05625 0.11015625
0 0.11015625 0.5203125 0.08515625 0.1171875
0 0.1375 0.6484375 0.0796875 0.10546875
0 0.09140625 0.70546875 0.08515625 0.109375
0 0.08671875 0.821875 0.059375 0.0984375
0 0.03671875 0.675 0.03515625 0.1125