0 0.4640625 0.09609375 0.0859375 0.12265625
0 0.8375 0.5734375 0.06796875 0.1015625
0 0.68359375 0.57265625 0.04296875 0.1078125
0 0.6515625 0.5796875 0.05390625 0.125
0 0.67421875 0.75703125 0.07578125 0.1375
0 0.58515625 0.5671875 0.08515625 0.12109375
0 0.47421875 0.6046875 0.084375 0.1375
0 0.51015625 0.63359375 0.0734375 0.11640625
0 0.5453125 0.76171875 0.07890625 0.12734375
0 0.48515625 0.76015625 0.06328125 0.11328125
0 0.3984375 0.734375 0.0875 0.11875
0 0.334375 0.70078125 0.07578125 0.13125
0 0.26953125 0.82890625 0.07734375 0.09921875
0 0.2015625 0.6421875 0.06484375 0.1125
0 0.4859375 0.41953125 0.0609375 0.175
0 0.39765625 0.3109375 0.05625 0.1359375
0 0.284375 0.41953125 0.0859375 0.0953125
0 0.125 0.2109375 0.08359375 0.11328125
0 0.36015625 0.49296875 0.0703125 0.121875
0 0.31484375 0.52578125 0.0859375 0.1328125
0 0.33515625 0.5875 0.0453125 0.0921875
0 0.25234375 0.490625 0.06171875 0.1296875
0 0.1921875 0.46015625 0.07421875 0.13359375
0 0.26328125 0.55390625 0.09140625 0.1109375
0 0.14765625 0.5609375 0.0453125 0.1109375
0 0.12265625 0.70859375 0.06953125 0.08515625
0 0.0609375 0.5625 0.07109375 0.1171875
0 0.06015625 0.725 0.05 0.10234375