0 0.1046875 0.81796875 0.20703125 0.215625
0 0.14296875 0.41875 0.24921875 0.2421875
0 0.5421875 0.51796875 0.27578125 0.25859375
0 0.8953125 0.77890625 0.18203125 0.153125
0 0.40859375 0.59296875 0.11484375 0.10859375
0 0.88671875 0.59140625 0.22578125 0.20703125
0 0.23984375 0.03515625 0.07265625 0.0703125
0 0.36796875 0.05 0.14296875 0.09921875
0 0.796875 0.41640625 0.1046875 0.17578125
0 0.171875 0.628125 0.0828125 0.17890625
0 0.52421875 0.36015625 0.13984375 0.1203125
0 0.39921875 0.41171875 0.1078125 0.1203125