0 0.9421875 0.2296875 0.08671875 0.15546875
0 0.8078125 0.4625 0.121875 0.14140625
0 0.759375 0.66328125 0.09453125 0.11953125
0 0.73828125 0.7015625 0.0421875 0.090625
0 0.60703125 0.59609375 0.08828125 0.10703125
0 0.56015625 0.6703125 0.10078125 0.1171875
0 0.6 0.753125 0.08671875 0.0890625
0 0.609375 0.79921875 0.07734375 0.1015625
0 0.459375 0.67265625 0.1046875 0.11953125
0 0.4453125 0.77578125 0.07578125 0.096875
0 0.4125 0.57578125 0.09140625 0.096875
0 0.42421875 0.61953125 0.07734375 0.075
0 0.321875 0.5640625 0.0921875 0.10390625
0 0.28828125 0.096875 0.10546875 0.11953125
0 0.3328125 0.26484375 0.07265625 0.18203125
0 0.23046875 0.3640625 0.1109375 0.12421875
0 0.1265625 0.2109375 0.08203125 0.1234375
0 0.07109375 0.434375 0.05234375 0.1203125
0 0.12890625 0.53515625 0.07734375 0.13046875
0 0.1921875 0.54453125 0.06171875 0.1328125
0 0.23125 0.5375 0.05234375 0.11484375
0 0.278125 0.5125 0.04921875 0.11171875
0 0.25546875 0.621875 0.06484375 0.125
0 0.315625 0.68359375 0.0796875 0.09921875
0 0.34921875 0.78125 0.0671875 0.09609375
0 0.2921875 0.74609375 0.09296875 0.10234375
0 0.184375 0.815625 0.1078125 0.13515625
0 0.075 0.7078125 0.1046875 0.1296875