0 0.65859375 0.46015625 0.06796875 0.109375
0 0.93984375 0.56328125 0.06640625 0.12578125
0 0.61484375 0.6890625 0.0625 0.10625
0 0.55625 0.6234375 0.04609375 0.10234375
0 0.51796875 0.784375 0.04296875 0.109375
0 0.51640625 0.44453125 0.08671875 0.11171875
0 0.43984375 0.41796875 0.1203125 0.13125
0 0.40390625 0.3484375 0.09765625 0.13828125
0 0.2484375 0.1109375 0.096875 0.11328125
0 0.0796875 0.10859375 0.0953125 0.12265625
0 0.28828125 0.34296875 0.09296875 0.115625
0 0.3171875 0.425 0.09140625 0.10390625
0 0.24296875 0.39140625 0.084375 0.10625
0 0.12109375 0.3265625 0.08203125 0.1234375
0 0.11953125 0.45234375 0.10625 0.1171875
0 0.0421875 0.4453125 0.05625 0.12421875
0 0.07734375 0.540625 0.07265625 0.1375
0 0.14609375 0.596875 0.09375 0.10859375
0 0.1375 0.65390625 0.06953125 0.09296875
0 0.05078125 0.653125 0.0453125 0.10859375
0 0.05 0.75703125 0.0390625 0.11328125
0 0.0796875 0.8046875 0.04453125 0.13984375
0 0.12734375 0.75625 0.0546875 0.1171875
0 0.03203125 0.815625 0.03046875 0.096875
0 0.27109375 0.5875 0.07265625 0.11171875
0 0.30703125 0.54921875 0.0859375 0.103125
0 0.396875 0.55859375 0.078125 0.0890625
0 0.4265625 0.5984375 0.10703125 0.1015625
0 0.409375 0.7015625 0.1046875 0.1421875
0 0.403125 0.75859375 0.0546875 0.1
0 0.28984375 0.67421875 0.08984375 0.09453125
0 0.2984375 0.71796875 0.04296875 0.11171875
0 0.3421875 0.65390625 0.05546875 0.09453125