0 0.95234375 0.80546875 0.0515625 0.13203125
0 0.78671875 0.8140625 0.1 0.11328125
0 0.709375 0.69453125 0.08125 0.1234375
0 0.73671875 0.584375 0.0859375 0.10703125
0 0.65390625 0.609375 0.090625 0.134375
0 0.64140625 0.51953125 0.05625 0.10625
0 0.746875 0.371875 0.084375 0.115625
0 0.475 0.29140625 0.07265625 0.07109375
0 0.509375 0.35234375 0.10390625 0.13125
0 0.4609375 0.4734375 0.1078125 0.1359375
0 0.575 0.76171875 0.1109375 0.12265625
0 0.44765625 0.71796875 0.10625 0.12265625
0 0.41640625 0.77578125 0.065625 0.0890625
0 0.31796875 0.77265625 0.08046875 0.10078125
0 0.41015625 0.60234375 0.10859375 0.125
0 0.3921875 0.5375 0.084375 0.07421875
0 0.34765625 0.6078125 0.08359375 0.121875
0 0.2734375 0.5984375 0.10390625 0.134375
0 0.2140625 0.39765625 0.08203125 0.11640625
0 0.22578125 0.48046875 0.09453125 0.08125
0 0.25546875 0.52734375 0.08515625 0.115625
0 0.20546875 0.5875 0.0625 0.10859375
0 0.2078125 0.65859375 0.0484375 0.09453125
0 0.24609375 0.690625 0.05078125 0.0953125
0 0.1515625 0.6765625 0.0703125 0.1203125
0 0.09765625 0.52109375 0.0953125 0.14765625
0 0.13828125 0.55234375 0.04375 0.1125
0 0.12578125 0.18828125 0.04453125 0.109375