0 0.9046875 0.59921875 0.09609375 0.1234375
0 0.62890625 0.53359375 0.0796875 0.09453125
0 0.62109375 0.625 0.084375 0.115625
0 0.54296875 0.790625 0.10859375 0.115625
0 0.47734375 0.6796875 0.10703125 0.13828125
0 0.50546875 0.571875 0.0890625 0.10703125
0 0.453125 0.3953125 0.06875 0.15234375
0 0.41875 0.4484375 0.0875 0.09453125
0 0.38359375 0.5140625 0.10390625 0.11875
0 0.396875 0.6234375 0.11171875 0.1265625
0 0.33984375 0.6140625 0.06484375 0.09921875
0 0.36171875 0.759375 0.0640625 0.125
0 0.39765625 0.74765625 0.04609375 0.10625
0 0.28203125 0.7046875 0.09140625 0.1140625
0 0.2109375 0.65390625 0.09375 0.109375
0 0.16484375 0.6578125 0.06796875 0.1140625
0 0.25546875 0.5640625 0.0765625 0.11484375
0 0.25703125 0.503125 0.08046875 0.08515625
0 0.35 0.38046875 0.0875 0.16953125
0 0.27421875 0.38203125 0.0875 0.1140625
0 0.28203125 0.28125 0.08671875 0.13359375
0 0.31484375 0.09453125 0.071875 0.11484375
0 0.1171875 0.1140625 0.0921875 0.1328125
0 0.17578125 0.35390625 0.08671875 0.14140625
0 0.20234375 0.41328125 0.05 0.0625
0 0.1203125 0.53515625 0.06484375 0.1125
0 0.08359375 0.60625 0.1 0.13359375
0 0.08125 0.80703125 0.04765625 0.14453125
0 0.1125 0.78046875 0.03671875 0.10859375