0 0.77421875 0.47890625 0.1828125 0.25234375
0 0.08828125 0.315625 0.17578125 0.23984375
0 0.1171875 0.1390625 0.09609375 0.209375
0 0.9171875 0.68046875 0.1640625 0.20234375
0 0.66953125 0.83125 0.16484375 0.16484375
0 0.7625 0.6890625 0.134375 0.1515625
0 0.44140625 0.503125 0.215625 0.24765625
0 0.46796875 0.34296875 0.15703125 0.16171875
0 0.27578125 0.38671875 0.1578125 0.2046875
0 0.1875 0.6390625 0.1796875 0.18046875
0 0.4390625 0.7828125 0.16015625 0.14296875
0 0.08515625 0.78828125 0.16953125 0.2015625
0 0.06953125 0.515625 0.12578125 0.13671875
0 0.8453125 0.7828125 0.11328125 0.15546875
0 0.66328125 0.61328125 0.103125 0.12578125
0 0.3515625 0.73671875 0.15546875 0.14921875