0 0.87421875 0.78203125 0.06640625 0.115625
0 0.5421875 0.80078125 0.08515625 0.10390625
0 0.59921875 0.6859375 0.08515625 0.11953125
0 0.51953125 0.7046875 0.06328125 0.128125
0 0.5265625 0.5078125 0.090625 0.13203125
0 0.546875 0.29296875 0.0890625 0.13125
0 0.36796875 0.23203125 0.1015625 0.11796875
0 0.384375 0.27578125 0.09921875 0.09609375
0 0.37890625 0.3609375 0.08984375 0.11171875
0 0.43359375 0.53671875 0.05546875 0.12734375
0 0.39296875 0.72421875 0.0625 0.1515625
0 0.34296875 0.7015625 0.07421875 0.11015625
0 0.36171875 0.49140625 0.10390625 0.13359375
0 0.37734375 0.546875 0.05625 0.08671875
0 0.3 0.46484375 0.046875 0.12890625
0 0.23984375 0.4296875 0.0875 0.134375
0 0.1734375 0.190625 0.09609375 0.1265625
0 0.14375 0.290625 0.09921875 0.12265625
0 0.1078125 0.453125 0.07421875 0.1453125
0 0.153125 0.4953125 0.04453125 0.1328125
0 0.23984375 0.575 0.07578125 0.071875
0 0.25625 0.5984375 0.0765625 0.08046875
0 0.2578125 0.6375 0.0453125 0.1265625
0 0.1578125 0.64765625 0.06875 0.134375
0 0.08203125 0.57890625 0.0796875 0.10390625
0 0.08828125 0.69453125 0.08203125 0.11015625
0 0.103125 0.80234375 0.04140625 0.09296875
0 0.04765625 0.80078125 0.04453125 0.09375