0 0.71640625 0.36171875 0.06875 0.09609375
0 0.765625 0.5421875 0.05859375 0.109375
0 0.69921875 0.678125 0.084375 0.12890625
0 0.7515625 0.78515625 0.059375 0.171875
0 0.603125 0.753125 0.09375 0.12421875
0 0.49921875 0.7984375 0.10625 0.11796875
0 0.4375 0.50390625 0.08203125 0.1125
0 0.359375 0.509375 0.0828125 0.1
0 0.3484375 0.6078125 0.0734375 0.12421875
0 0.365625 0.703125 0.09765625 0.10078125
0 0.31015625 0.82734375 0.0765625 0.1
0 0.29921875 0.7890625 0.08046875 0.109375
0 0.32421875 0.74765625 0.08203125 0.08984375
0 0.39765625 0.65078125 0.04609375 0.08046875
0 0.1171875 0.8234375 0.1203125 0.1078125
0 0.16796875 0.665625 0.05 0.11953125
0 0.24296875 0.6171875 0.040625 0.1140625
0 0.26796875 0.56015625 0.0796875 0.08828125
0 0.184375 0.52109375 0.08125 0.1171875
0 0.13828125 0.61640625 0.04375 0.14296875
0 0.10859375 0.56640625 0.0609375 0.11015625
0 0.05625 0.5703125 0.03515625 0.10234375
0 0.09140625 0.46015625 0.06796875 0.1171875
0 0.14140625 0.4703125 0.09140625 0.11328125
0 0.1140625 0.3640625 0.05859375 0.12578125
0 0.17109375 0.38515625 0.0859375 0.1046875
0 0.240625 0.35859375 0.11875 0.13515625
0 0.24453125 0.25703125 0.084375 0.090625
0 0.128125 0.22421875 0.08828125 0.12109375
0 0.271875 0.09765625 0.103125 0.134375
0 0.0328125 0.3265625 0.0421875 0.11875
0 0.0328125 0.4625 0.02890625 0.1171875
0 0.16796875 0.30390625 0.0671875 0.06796875