0 0.4921875 0.47734375 0.0828125 0.12890625
0 0.40703125 0.40703125 0.09296875 0.109375
0 0.35078125 0.446875 0.0875 0.1296875
0 0.4 0.509375 0.04609375 0.11484375
0 0.440625 0.59453125 0.0625 0.10546875
0 0.46171875 0.69140625 0.11015625 0.11953125
0 0.50390625 0.803125 0.0875 0.109375
0 0.4015625 0.78984375 0.08203125 0.10078125
0 0.36953125 0.73125 0.08203125 0.0875
0 0.45390625 0.76640625 0.08125 0.0765625
0 0.32265625 0.6140625 0.08828125 0.11171875
0 0.35859375 0.60859375 0.075 0.115625
0 0.30078125 0.5921875 0.0578125 0.07109375
0 0.29609375 0.52578125 0.0515625 0.153125
0 0.2484375 0.47109375 0.09453125 0.1109375
0 0.29140625 0.4 0.07421875 0.12109375
0 0.19375 0.49921875 0.0734375 0.11328125
0 0.2109375 0.58359375 0.04921875 0.13828125
0 0.23515625 0.69296875 0.08828125 0.05625
0 0.2265625 0.81640625 0.10703125 0.11015625
0 0.12578125 0.559375 0.0421875 0.10859375
0 0.04453125 0.34765625 0.053125 0.08984375
0 0.1421875 0.41328125 0.09921875 0.128125
0 0.19609375 0.265625 0.1046875 0.1296875
0 0.1140625 0.184375 0.075 0.11796875
0 0.128125 0.115625 0.09375 0.09453125
0 0.1328125 0.20390625 0.05078125 0.1140625
0 0.0390625 0.13671875 0.0484375 0.0890625