0 0.7125 0.4671875 0.08203125 0.115625
0 0.7046875 0.61171875 0.06171875 0.1171875
0 0.72890625 0.70390625 0.0640625 0.12578125
0 0.8421875 0.69609375 0.0984375 0.10546875
0 0.63203125 0.63203125 0.05390625 0.128125
0 0.57421875 0.51171875 0.09921875 0.13671875
0 0.52578125 0.55234375 0.06484375 0.10078125
0 0.534375 0.6765625 0.071875 0.10390625
0 0.4828125 0.64140625 0.05390625 0.1171875
0 0.43671875 0.62265625 0.096875 0.11015625
0 0.40078125 0.746875 0.065625 0.109375
0 0.46796875 0.7609375 0.03984375 0.1140625
0 0.42734375 0.6890625 0.065625 0.065625
0 0.38359375 0.42578125 0.0734375 0.10625
0 0.35703125 0.534375 0.08046875 0.1296875
0 0.2828125 0.48125 0.090625 0.12265625
0 0.25859375 0.31484375 0.05390625 0.11875
0 0.203125 0.2390625 0.06484375 0.13203125
0 0.1375 0.215625 0.0453125 0.11953125
0 0.28828125 0.65 0.10078125 0.11796875
0 0.25078125 0.696875 0.08125 0.0953125
0 0.18046875 0.62734375 0.1046875 0.1390625
0 0.2203125 0.5734375 0.06328125 0.096875
0 0.090625 0.4484375 0.06484375 0.10703125
0 0.09453125 0.5375 0.05390625 0.11796875
0 0.034375 0.53984375 0.0390625 0.128125