0 0.3578125 0.21640625 0.10390625 0.1453125
0 0.52578125 0.325 0.09140625 0.10546875
0 0.515625 0.45390625 0.09765625 0.14453125
0 0.91953125 0.778125 0.05546875 0.10078125
0 0.97265625 0.77890625 0.03515625 0.09375
0 0.578125 0.671875 0.10078125 0.12578125
0 0.54921875 0.6328125 0.0875 0.14609375
0 0.56015625 0.75859375 0.08984375 0.1015625
0 0.47890625 0.778125 0.05234375 0.11640625
0 0.43125 0.73203125 0.0890625 0.09765625
0 0.440625 0.61015625 0.0859375 0.11171875
0 0.3828125 0.64375 0.06875 0.1109375
0 0.39921875 0.5421875 0.065625 0.10234375
0 0.334375 0.43671875 0.1 0.1265625
0 0.3703125 0.47734375 0.0671875 0.10703125
0 0.346875 0.71328125 0.1 0.1
0 0.35234375 0.80546875 0.07265625 0.1203125
0 0.309375 0.7515625 0.05078125 0.0953125
0 0.25859375 0.6671875 0.0390625 0.0875
0 0.2453125 0.58046875 0.0828125 0.10859375
0 0.1859375 0.6671875 0.08046875 0.1171875
0 0.1796875 0.5015625 0.06171875 0.1140625
0 0.22890625 0.32421875 0.071875 0.11796875
0 0.17421875 0.29609375 0.07734375 0.1078125
0 0.11953125 0.37734375 0.078125 0.11953125
0 0.05 0.67578125 0.06328125 0.18359375
0 0.0921875 0.21796875 0.1109375 0.12734375
0 0.1203125 0.1453125 0.1015625 0.10546875