0 0.909375 0.78359375 0.08125 0.11953125
0 0.97578125 0.78671875 0.0484375 0.10859375
0 0.6265625 0.334375 0.071875 0.12578125
0 0.60078125 0.70703125 0.07890625 0.11328125
0 0.53359375 0.63125 0.0671875 0.13359375
0 0.53828125 0.50859375 0.0859375 0.13046875
0 0.540625 0.7796875 0.0796875 0.09765625
0 0.4421875 0.53125 0.0640625 0.1265625
0 0.375 0.21015625 0.08359375 0.1046875
0 0.3625 0.3125 0.08515625 0.11015625
0 0.36328125 0.44921875 0.1015625 0.1265625
0 0.365625 0.52265625 0.078125 0.1078125
0 0.3546875 0.75234375 0.0515625 0.11484375
0 0.34296875 0.6765625 0.0453125 0.103125
0 0.27734375 0.67421875 0.109375 0.12578125
0 0.2671875 0.62734375 0.0453125 0.07109375
0 0.26484375 0.4609375 0.06328125 0.159375
0 0.31640625 0.41875 0.05859375 0.11171875
0 0.290625 0.28828125 0.07890625 0.1390625
0 0.25390625 0.26015625 0.090625 0.13046875
0 0.2125 0.1609375 0.0875 0.121875
0 0.1140625 0.209375 0.0578125 0.1359375
0 0.15859375 0.47265625 0.1015625 0.1109375
0 0.19765625 0.59296875 0.07890625 0.1078125
0 0.18046875 0.56640625 0.0828125 0.07578125
0 0.09375 0.6015625 0.071875 0.13359375
0 0.0515625 0.56796875 0.06484375 0.1046875
0 0.0828125 0.7296875 0.06796875 0.10625
0 0.09609375 0.80546875 0.05703125 0.09609375
0 0.04375 0.79765625 0.0375 0.08125
0 0.178125 0.675 0.06328125 0.03984375