0 0.11484375 0.1796875 0.2296875 0.35859375
0 0.23046875 0.303125 0.1203125 0.1859375
0 0.12734375 0.33671875 0.096875 0.1546875
0 0.165625 0.55 0.1703125 0.28203125
0 0.171875 0.7375 0.19296875 0.090625
0 0.3953125 0.4859375 0.24140625 0.2828125
0 0.503125 0.28359375 0.253125 0.28203125
0 0.546875 0.0921875 0.221875 0.184375
0 0.76484375 0.35546875 0.2453125 0.29453125
0 0.953125 0.48828125 0.09296875 0.28125
0 0.73671875 0.803125 0.2875 0.3765625
0 0.5125 0.70859375 0.1765625 0.259375
0 0.3375 0.71015625 0.0828125 0.21015625