0 0.30859375 0.1859375 0.0875 0.109375
0 0.165625 0.17578125 0.04765625 0.11015625
0 0.54765625 0.4125 0.08828125 0.12734375
0 0.87890625 0.5796875 0.0953125 0.14375
0 0.846875 0.75078125 0.065625 0.15390625
0 0.64765625 0.71015625 0.0890625 0.1078125
0 0.6671875 0.54609375 0.10390625 0.1359375
0 0.65 0.596875 0.0484375 0.084375
0 0.5484375 0.6796875 0.10390625 0.121875
0 0.5078125 0.79609375 0.08359375 0.09453125
0 0.47734375 0.7375 0.08828125 0.12109375
0 0.440625 0.72265625 0.0609375 0.08515625
0 0.44375 0.60546875 0.1046875 0.11015625
0 0.47109375 0.64609375 0.0578125 0.0828125
0 0.45390625 0.51875 0.09453125 0.08828125
0 0.39765625 0.45625 0.10859375 0.1203125
0 0.34921875 0.559375 0.08671875 0.1046875
0 0.321875 0.703125 0.084375 0.1171875
0 0.35546875 0.81875 0.09140625 0.12890625
0 0.19375 0.81171875 0.07578125 0.14921875
0 0.26484375 0.653125 0.10078125 0.121875
0 0.21875 0.62109375 0.07734375 0.0921875
0 0.29609375 0.6015625 0.05234375 0.10234375
0 0.278125 0.4171875 0.0921875 0.11015625
0 0.2015625 0.45546875 0.08359375 0.12578125
0 0.25859375 0.503125 0.0625 0.12578125
0 0.18515625 0.64609375 0.05 0.078125
0 0.11875 0.5078125 0.0515625 0.11484375
0 0.0578125 0.54375 0.05078125 0.15625
0 0.040625 0.50234375 0.04296875 0.10546875