0 0.6625 0.32890625 0.1 0.11953125
0 0.7890625 0.6109375 0.05625 0.115625
0 0.875 0.8109375 0.053125 0.10234375
0 0.69375 0.52734375 0.07421875 0.10078125
0 0.68984375 0.63671875 0.0890625 0.10078125
0 0.56875 0.47421875 0.05546875 0.12578125
0 0.5453125 0.66875 0.07890625 0.10546875
0 0.43984375 0.45390625 0.075 0.12578125
0 0.4921875 0.6515625 0.07578125 0.12265625
0 0.509375 0.7578125 0.08671875 0.10546875
0 0.46640625 0.7515625 0.034375 0.09375
0 0.36640625 0.71875 0.07109375 0.0984375
0 0.39140625 0.6015625 0.07109375 0.1484375
0 0.31796875 0.50625 0.06640625 0.11875
0 0.3390625 0.4671875 0.0390625 0.10078125
0 0.303125 0.64375 0.08984375 0.12265625
0 0.2921875 0.81640625 0.078125 0.10625
0 0.2140625 0.60703125 0.0609375 0.12890625
0 0.16328125 0.6265625 0.09375 0.103125
0 0.10703125 0.56328125 0.04609375 0.11640625
0 0.1 0.37734375 0.1046875 0.1390625
0 0.24375 0.359375 0.1171875 0.146875
0 0.0921875 0.14453125 0.09140625 0.11640625
0 0.1640625 0.16640625 0.04140625 0.10234375
0 0.11015625 0.7578125 0.10234375 0.12265625
0 0.109375 0.70078125 0.09375 0.12109375