0 0.9625 0.76484375 0.053125 0.10859375
0 0.91640625 0.76640625 0.04765625 0.1140625
0 0.8171875 0.71953125 0.05859375 0.1296875
0 0.721875 0.44375 0.115625 0.13125
0 0.6609375 0.63046875 0.08046875 0.11796875
0 0.57265625 0.7578125 0.05625 0.096875
0 0.5421875 0.465625 0.0703125 0.12890625
0 0.48046875 0.58828125 0.0921875 0.10234375
0 0.496875 0.51796875 0.10078125 0.1125
0 0.42109375 0.53671875 0.06484375 0.109375
0 0.46640625 0.671875 0.06015625 0.12265625
0 0.3859375 0.72890625 0.090625 0.1296875
0 0.49296875 0.80703125 0.0453125 0.1015625
0 0.45390625 0.75625 0.08515625 0.090625
0 0.3640625 0.3265625 0.1171875 0.1359375
0 0.36875 0.40390625 0.0625 0.090625
0 0.28359375 0.515625 0.07734375 0.10859375
0 0.2484375 0.4484375 0.07109375 0.1140625
0 0.3203125 0.46484375 0.059375 0.06796875
0 0.20859375 0.53203125 0.07734375 0.1140625
0 0.19921875 0.58671875 0.08828125 0.08984375
0 0.1578125 0.50703125 0.05546875 0.06953125
0 0.165625 0.42421875 0.05234375 0.1078125
0 0.10390625 0.43046875 0.04609375 0.125
0 0.13515625 0.23046875 0.0640625 0.11953125
0 0.18828125 0.25703125 0.08984375 0.1421875
0 0.26015625 0.16328125 0.08984375 0.1203125
0 0.221875 0.68203125 0.09609375 0.09296875
0 0.3015625 0.73359375 0.0734375 0.10390625