0 0.9375 0.25390625 0.0671875 0.1328125
0 0.85234375 0.76953125 0.08125 0.1359375
0 0.825 0.5140625 0.10546875 0.1421875
0 0.72265625 0.7078125 0.06953125 0.1171875
0 0.56640625 0.51328125 0.09765625 0.115625
0 0.5546875 0.6015625 0.07265625 0.09765625
0 0.60390625 0.7390625 0.07578125 0.12734375
0 0.63515625 0.73515625 0.0515625 0.11796875
0 0.50234375 0.67734375 0.10625 0.11640625
0 0.44453125 0.7734375 0.0390625 0.0921875
0 0.46875 0.7625 0.03515625 0.0765625
0 0.41953125 0.66015625 0.08515625 0.125
0 0.353125 0.66484375 0.10234375 0.13203125
0 0.3421875 0.76171875 0.0578125 0.11015625
0 0.41640625 0.44140625 0.10234375 0.134375
0 0.303125 0.37421875 0.10390625 0.13046875
0 0.35703125 0.4796875 0.084375 0.11328125
0 0.29375 0.13828125 0.084375 0.11875
0 0.19765625 0.0921875 0.11171875 0.1234375
0 0.09609375 0.296875 0.09609375 0.11640625
0 0.14765625 0.47578125 0.1078125 0.15390625
0 0.084375 0.471875 0.05234375 0.14296875
0 0.19375 0.64921875 0.0421875 0.10234375
0 0.18046875 0.63046875 0.04609375 0.1265625
0 0.06953125 0.6765625 0.103125 0.1265625
0 0.12890625 0.65390625 0.07578125 0.13671875
0 0.0984375 0.5921875 0.0796875 0.1109375
0 0.0296875 0.60703125 0.03359375 0.084375