0 0.8140625 0.63125 0.0796875 0.16171875
0 0.55625 0.79453125 0.08828125 0.1265625
0 0.54375 0.66015625 0.1015625 0.12421875
0 0.6109375 0.5875 0.08046875 0.10703125
0 0.5734375 0.59296875 0.07890625 0.11015625
0 0.503125 0.33359375 0.059375 0.140625
0 0.31796875 0.11484375 0.06953125 0.11640625
0 0.221875 0.11875 0.09375 0.12421875
0 0.2796875 0.2796875 0.0796875 0.109375
0 0.22109375 0.33984375 0.09609375 0.1078125
0 0.2953125 0.36015625 0.04765625 0.13828125
0 0.26015625 0.3984375 0.034375 0.1
0 0.31015625 0.41875 0.071875 0.1703125
0 0.35625 0.47265625 0.08671875 0.1453125
0 0.43046875 0.50625 0.090625 0.096875
0 0.39453125 0.61953125 0.10625 0.14296875
0 0.2734375 0.65390625 0.09375 0.10859375
0 0.3140625 0.60859375 0.06328125 0.1140625
0 0.28671875 0.74609375 0.0875 0.1
0 0.3671875 0.76953125 0.078125 0.13046875
0 0.4953125 0.81875 0.0484375 0.1328125
0 0.09609375 0.6875 0.0890625 0.1296875
0 0.1796875 0.58046875 0.04765625 0.12265625
0 0.24609375 0.53203125 0.06015625 0.12265625
0 0.22578125 0.46484375 0.071875 0.11640625
0 0.14375 0.415625 0.053125 0.11640625
0 0.06796875 0.5578125 0.05859375 0.12109375
0 0.0515625 0.4140625 0.04140625 0.11796875
0 0.07734375 0.80546875 0.0671875 0.125
0 0.115625 0.8125 0.04765625 0.1140625