0 0.80859375 0.57890625 0.08203125 0.12421875
0 0.73125 0.73203125 0.084375 0.10390625
0 0.578125 0.6484375 0.0875 0.1203125
0 0.58828125 0.51796875 0.078125 0.1078125
0 0.4890625 0.7078125 0.10703125 0.13203125
0 0.49921875 0.49140625 0.0734375 0.1359375
0 0.4625 0.43515625 0.04609375 0.11953125
0 0.42578125 0.4390625 0.08203125 0.12265625
0 0.371875 0.29453125 0.0390625 0.1234375
0 0.375 0.41328125 0.0671875 0.13671875
0 0.3109375 0.4484375 0.115625 0.14375
0 0.328125 0.55078125 0.078125 0.1046875
0 0.4609375 0.58984375 0.08984375 0.10546875
0 0.37109375 0.6046875 0.1046875 0.153125
0 0.3328125 0.73515625 0.0609375 0.1265625
0 0.36484375 0.7171875 0.04140625 0.08984375
0 0.41875 0.65625 0.046875 0.09375
0 0.42265625 0.759375 0.075 0.12578125
0 0.28671875 0.740625 0.09921875 0.1359375
0 0.2703125 0.66640625 0.07578125 0.06484375
0 0.2578125 0.603125 0.06640625 0.1
0 0.1515625 0.6609375 0.071875 0.12109375
0 0.1875 0.67890625 0.04765625 0.11875
0 0.190625 0.48515625 0.12109375 0.1296875
0 0.22109375 0.365625 0.0625 0.1140625
0 0.09765625 0.2015625 0.0921875 0.115625
0 0.13359375 0.44765625 0.0421875 0.11328125
0 0.08203125 0.42890625 0.06640625 0.1203125