0 0.08125 0.10859375 0.06796875 0.11640625
0 0.171875 0.17421875 0.06328125 0.1484375
0 0.42578125 0.30078125 0.07890625 0.115625
0 0.3328125 0.36328125 0.1078125 0.1296875
0 0.16484375 0.35859375 0.05234375 0.11875
0 0.4046875 0.4390625 0.1015625 0.11796875
0 0.55 0.37578125 0.09921875 0.09296875
0 0.56953125 0.4625 0.11484375 0.1328125
0 0.515625 0.47578125 0.059375 0.0984375
0 0.875 0.76328125 0.0984375 0.13046875
0 0.54921875 0.69765625 0.1 0.11171875
0 0.496875 0.7640625 0.06875 0.10859375
0 0.41484375 0.61953125 0.07890625 0.1015625
0 0.3390625 0.4828125 0.09453125 0.10390625
0 0.35234375 0.52734375 0.04609375 0.12109375
0 0.3109375 0.73671875 0.08046875 0.11796875
0 0.2875 0.65546875 0.05859375 0.0796875
0 0.309375 0.78671875 0.05234375 0.07421875
0 0.19765625 0.690625 0.09140625 0.0890625
0 0.19765625 0.59140625 0.05859375 0.1453125
0 0.2296875 0.5234375 0.0640625 0.08515625
0 0.20703125 0.4703125 0.0953125 0.1046875
0 0.14140625 0.52265625 0.06328125 0.11953125
0 0.15859375 0.6234375 0.05703125 0.10859375
0 0.08671875 0.63828125 0.07265625 0.109375
0 0.1 0.8109375 0.03828125 0.096875
0 0.04609375 0.7125 0.04921875 0.13828125
0 0.1109375 0.63828125 0.0375 0.12734375