0 0.82421875 0.6140625 0.04296875 0.10625
0 0.696875 0.4328125 0.0859375 0.10390625
0 0.69453125 0.6125 0.05 0.103125
0 0.7046875 0.734375 0.0765625 0.1078125
0 0.5578125 0.45703125 0.0984375 0.13515625
0 0.55859375 0.61953125 0.09296875 0.1140625
0 0.546875 0.68203125 0.075 0.10546875
0 0.4390625 0.540625 0.078125 0.09921875
0 0.45078125 0.6453125 0.0828125 0.125
0 0.3546875 0.59296875 0.10390625 0.115625
0 0.33125 0.66796875 0.103125 0.12265625
0 0.38125 0.73828125 0.08203125 0.10546875
0 0.35 0.78828125 0.0796875 0.08984375
0 0.26171875 0.67890625 0.05546875 0.0859375
0 0.19140625 0.678125 0.1 0.11875
0 0.37421875 0.3734375 0.096875 0.1140625
0 0.2921875 0.35 0.08046875 0.11875
0 0.26484375 0.45703125 0.08125 0.121875
0 0.1953125 0.475 0.096875 0.1140625
0 0.16953125 0.5703125 0.0859375 0.11484375
0 0.09296875 0.6203125 0.05859375 0.1546875
0 0.16875 0.3421875 0.09296875 0.11171875
0 0.034375 0.3765625 0.03984375 0.12265625
0 0.04296875 0.5234375 0.04296875 0.1046875
0 0.0390625 0.76484375 0.0390625 0.09921875
0 0.10234375 0.7546875 0.04765625 0.08671875
0 0.1625 0.38671875 0.0625 0.08203125