0 0.9578125 0.7640625 0.03984375 0.1
0 0.91015625 0.76484375 0.05625 0.109375
0 0.6484375 0.7296875 0.09765625 0.1265625
0 0.48125 0.44765625 0.065625 0.13359375
0 0.5296875 0.45546875 0.103125 0.1484375
0 0.4265625 0.2125 0.11171875 0.134375
0 0.3390625 0.3453125 0.09453125 0.1140625
0 0.56171875 0.72890625 0.09140625 0.10859375
0 0.55625 0.6140625 0.08984375 0.1296875
0 0.48046875 0.74921875 0.0765625 0.0890625
0 0.50859375 0.77265625 0.0484375 0.10625
0 0.42265625 0.7421875 0.084375 0.0953125
0 0.375 0.7859375 0.03671875 0.08515625
0 0.35078125 0.74296875 0.10078125 0.1015625
0 0.39921875 0.6125 0.06953125 0.1046875
0 0.3640625 0.4953125 0.0859375 0.11328125
0 0.3640625 0.55703125 0.0828125 0.09140625
0 0.3015625 0.66875 0.04609375 0.11015625
0 0.26640625 0.68671875 0.05390625 0.084375
0 0.36875 0.61796875 0.0375 0.1015625
0 0.21015625 0.575 0.084375 0.08671875
0 0.203125 0.41484375 0.09140625 0.12421875
0 0.171875 0.48515625 0.0703125 0.08984375
0 0.20234375 0.25078125 0.065625 0.115625
0 0.1796875 0.165625 0.1203125 0.12265625
0 0.11875 0.16875 0.1 0.128125
0 0.05546875 0.45234375 0.0765625 0.14453125
0 0.096875 0.53828125 0.06640625 0.1375
0 0.17890625 0.63828125 0.07109375 0.1296875