0 0.19140625 0.06484375 0.08359375 0.1296875
0 0.29375 0.0359375 0.09375 0.071875
0 0.43515625 0.2546875 0.0515625 0.12890625
0 0.25859375 0.16953125 0.1046875 0.1296875
0 0.2015625 0.2140625 0.090625 0.11953125
0 0.246875 0.23828125 0.0609375 0.0578125
0 0.26875 0.30859375 0.04375 0.13359375
0 0.43515625 0.39453125 0.090625 0.10859375
0 0.39609375 0.42578125 0.06875 0.1
0 0.41796875 0.525 0.10625 0.1171875
0 0.4328125 0.58984375 0.11015625 0.10859375
0 0.359375 0.54765625 0.04921875 0.0875
0 0.36953125 0.4984375 0.05 0.0546875
0 0.29609375 0.4578125 0.06953125 0.11875
0 0.32578125 0.52265625 0.05859375 0.08671875
0 0.32421875 0.42890625 0.06796875 0.08046875
0 0.2390625 0.38359375 0.0578125 0.1125
0 0.14140625 0.3640625 0.08671875 0.11015625
0 0.09375 0.4578125 0.04765625 0.1203125
0 0.090625 0.621875 0.06328125 0.13984375
0 0.203125 0.52265625 0.0875 0.1015625
0 0.18203125 0.58671875 0.0625 0.075
0 0.2328125 0.559375 0.09765625 0.1
0 0.315625 0.68359375 0.09140625 0.1046875
0 0.38203125 0.70546875 0.0890625 0.10390625
0 0.43828125 0.65859375 0.08515625 0.10859375
0 0.55625 0.621875 0.06796875 0.140625
0 0.81328125 0.64765625 0.0484375 0.1140625
0 0.5171875 0.6265625 0.040625 0.08515625