0 0.8859375 0.6296875 0.1078125 0.13671875
0 0.91640625 0.7875 0.08515625 0.1296875
0 0.64296875 0.653125 0.06953125 0.1046875
0 0.66171875 0.78828125 0.08515625 0.103125
0 0.58984375 0.803125 0.0984375 0.1125
0 0.51015625 0.72890625 0.11171875 0.1109375
0 0.56875 0.66171875 0.0703125 0.1328125
0 0.56015625 0.4671875 0.09765625 0.15
0 0.5203125 0.31015625 0.09296875 0.1234375
0 0.4515625 0.346875 0.08359375 0.1140625
0 0.5203125 0.57890625 0.09921875 0.10625
0 0.471875 0.64453125 0.09375 0.10390625
0 0.4140625 0.63046875 0.10625 0.13125
0 0.396875 0.515625 0.0703125 0.11328125
0 0.33046875 0.51484375 0.1109375 0.12734375
0 0.31171875 0.59140625 0.08515625 0.08984375
0 0.3171875 0.68046875 0.08046875 0.1046875
0 0.37265625 0.7328125 0.0875 0.1140625
0 0.290625 0.79921875 0.04375 0.12734375
0 0.21484375 0.6578125 0.0953125 0.10859375
0 0.25625 0.65859375 0.03203125 0.10234375
0 0.2640625 0.5671875 0.0734375 0.090625
0 0.284375 0.48046875 0.07578125 0.1171875
0 0.2328125 0.4484375 0.09921875 0.1328125
0 0.14453125 0.47890625 0.0671875 0.12109375
0 0.1421875 0.2765625 0.090625 0.12578125
0 0.1140625 0.16015625 0.08828125 0.10234375
0 0.16015625 0.6390625 0.04765625 0.1109375
0 0.084375 0.74375 0.06484375 0.16015625