0 0.87421875 0.24296875 0.0578125 0.1078125
0 0.9 0.734375 0.08984375 0.11796875
0 0.66171875 0.21796875 0.0921875 0.11796875
0 0.68515625 0.58671875 0.04921875 0.12734375
0 0.715625 0.68359375 0.07890625 0.13046875
0 0.7015625 0.75234375 0.0515625 0.0875
0 0.6453125 0.74375 0.0484375 0.1109375
0 0.625 0.615625 0.0640625 0.13046875
0 0.5546875 0.67578125 0.0703125 0.1140625
0 0.60859375 0.81484375 0.09453125 0.13515625
0 0.49921875 0.71875 0.065625 0.12890625
0 0.48515625 0.36875 0.0984375 0.1328125
0 0.41953125 0.35859375 0.0734375 0.09921875
0 0.43203125 0.6015625 0.08828125 0.1125
0 0.43046875 0.76328125 0.075 0.084375
0 0.40390625 0.80859375 0.06875 0.115625
0 0.321875 0.8015625 0.090625 0.10625
0 0.36015625 0.64375 0.1 0.121875
0 0.35859375 0.55859375 0.0578125 0.0953125
0 0.2703125 0.575 0.0828125 0.109375
0 0.27578125 0.63515625 0.04296875 0.10234375
0 0.22578125 0.29921875 0.07265625 0.11953125
0 0.1640625 0.2875 0.0390625 0.11875
0 0.1765625 0.1671875 0.07734375 0.1390625
0 0.0671875 0.18125 0.08671875 0.12109375
0 0.13203125 0.44375 0.1 0.1234375
0 0.1796875 0.4796875 0.0890625 0.1203125
0 0.2328125 0.55234375 0.08671875 0.10234375
0 0.1515625 0.609375 0.0734375 0.1015625
0 0.13046875 0.64453125 0.06875 0.084375
0 0.03125 0.75 0.025 0.09453125
0 0.04375 0.5234375 0.05703125 0.11484375