0 0.75390625 0.5546875 0.06484375 0.10546875
0 0.58046875 0.3171875 0.06015625 0.09921875
0 0.51484375 0.584375 0.09609375 0.121875
0 0.4125 0.46484375 0.08203125 0.11875
0 0.3953125 0.53828125 0.04296875 0.09609375
0 0.43203125 0.690625 0.09609375 0.14609375
0 0.4328125 0.8359375 0.08203125 0.08515625
0 0.30625 0.8125 0.0953125 0.1078125
0 0.3453125 0.7296875 0.0796875 0.07578125
0 0.35078125 0.66015625 0.0890625 0.12109375
0 0.3609375 0.5921875 0.05703125 0.07578125
0 0.29296875 0.5921875 0.06328125 0.096875
0 0.271875 0.64296875 0.0875 0.11015625
0 0.16015625 0.66875 0.0859375 0.12578125
0 0.10390625 0.56796875 0.05390625 0.10390625
0 0.0921875 0.4265625 0.04921875 0.14609375
0 0.134375 0.47421875 0.0640625 0.11953125
0 0.16484375 0.38203125 0.1140625 0.11171875
0 0.22265625 0.45234375 0.09453125 0.09921875
0 0.29140625 0.4328125 0.10546875 0.134375
0 0.321875 0.33828125 0.08984375 0.09765625
0 0.3296875 0.2546875 0.103125 0.1078125
0 0.2796875 0.12734375 0.11015625 0.13203125
0 0.17265625 0.146875 0.08828125 0.11953125
0 0.19765625 0.26640625 0.07421875 0.1
0 0.17890625 0.2828125 0.05625 0.1359375