0 0.9671875 0.7640625 0.04765625 0.10078125
0 0.87890625 0.76328125 0.09140625 0.096875
0 0.7109375 0.6640625 0.084375 0.11171875
0 0.6765625 0.8015625 0.09453125 0.11640625
0 0.57578125 0.75390625 0.096875 0.10390625
0 0.5296875 0.79140625 0.07421875 0.09453125
0 0.4890625 0.76171875 0.0703125 0.11875
0 0.4984375 0.7171875 0.05 0.04765625
0 0.5625 0.56875 0.0828125 0.13828125
0 0.52421875 0.4734375 0.109375 0.16015625
0 0.5203125 0.2765625 0.115625 0.13359375
0 0.44765625 0.4171875 0.07265625 0.11328125
0 0.4203125 0.490625 0.090625 0.13828125
0 0.3875 0.5265625 0.06875 0.1171875
0 0.33515625 0.5046875 0.04609375 0.1046875
0 0.32734375 0.5328125 0.078125 0.1171875
0 0.37265625 0.71171875 0.0921875 0.121875
0 0.36875 0.78203125 0.0515625 0.05625
0 0.309375 0.6203125 0.0796875 0.14296875
0 0.278125 0.66328125 0.05625 0.10546875
0 0.34921875 0.61796875 0.05390625 0.09453125
0 0.2515625 0.47421875 0.07421875 0.11484375
0 0.24296875 0.290625 0.09765625 0.12421875
0 0.24609375 0.16875 0.1265625 0.12109375
0 0.1125 0.1984375 0.09375 0.11640625
0 0.14609375 0.1390625 0.0734375 0.08984375
0 0.0734375 0.33671875 0.08828125 0.140625
0 0.17265625 0.490625 0.0921875 0.11796875
0 0.16796875 0.61796875 0.06875 0.11171875
0 0.2359375 0.68671875 0.06796875 0.06640625
0 0.16015625 0.56015625 0.0828125 0.09140625