0 0.97421875 0.74375 0.03359375 0.11171875
0 0.92578125 0.7421875 0.053125 0.11484375
0 0.85859375 0.56953125 0.08984375 0.11640625
0 0.72109375 0.60625 0.08359375 0.1203125
0 0.7140625 0.7328125 0.08984375 0.1296875
0 0.50703125 0.81015625 0.08125 0.10625
0 0.50546875 0.7609375 0.08671875 0.08671875
0 0.375 0.71328125 0.08125 0.109375
0 0.38984375 0.66171875 0.07109375 0.1296875
0 0.53828125 0.38515625 0.115625 0.15078125
0 0.45390625 0.478125 0.1 0.1296875
0 0.5203125 0.478125 0.08203125 0.1109375
0 0.45 0.57578125 0.09921875 0.0984375
0 0.38046875 0.33671875 0.06640625 0.1125
0 0.3671875 0.19765625 0.04921875 0.11171875
0 0.3125 0.4359375 0.071875 0.0875
0 0.24921875 0.41015625 0.08984375 0.11796875
0 0.31015625 0.52109375 0.09296875 0.11796875
0 0.2421875 0.53125 0.05703125 0.11328125
0 0.20859375 0.48359375 0.0609375 0.11328125
0 0.1734375 0.41171875 0.0640625 0.11328125
0 0.1203125 0.24296875 0.10546875 0.140625
0 0.16171875 0.28359375 0.06953125 0.08046875
0 0.165625 0.53671875 0.04453125 0.11875
0 0.175 0.646875 0.05 0.13203125
0 0.19375 0.7109375 0.0765625 0.19140625
0 0.2734375 0.709375 0.0609375 0.09921875
0 0.228125 0.6828125 0.0515625 0.0828125
0 0.0859375 0.5203125 0.0609375 0.109375
0 0.109375 0.58515625 0.0625 0.10703125
0 0.03359375 0.58203125 0.0390625 0.109375
0 0.0484375 0.78125 0.05703125 0.09921875
0 0.11171875 0.778125 0.0453125 0.10078125