0 0.92734375 0.5265625 0.04296875 0.13046875
0 0.96796875 0.51796875 0.03984375 0.11484375
0 0.64609375 0.4125 0.06328125 0.1203125
0 0.61015625 0.74453125 0.06015625 0.103125
0 0.5703125 0.43984375 0.05703125 0.121875
0 0.45859375 0.634375 0.1125 0.12734375
0 0.409375 0.6140625 0.07578125 0.121875
0 0.359375 0.58828125 0.0578125 0.10078125
0 0.43203125 0.80625 0.1015625 0.1203125
0 0.375 0.71640625 0.1 0.12578125
0 0.3046875 0.6453125 0.08046875 0.11484375
0 0.44140625 0.44609375 0.11953125 0.13828125
0 0.409375 0.36953125 0.0921875 0.10625
0 0.3453125 0.46640625 0.0875 0.1078125
0 0.24375 0.578125 0.040625 0.12734375
0 0.2578125 0.68984375 0.07109375 0.11484375
0 0.21484375 0.459375 0.103125 0.11171875
0 0.26875 0.32421875 0.09140625 0.121875
0 0.25546875 0.38671875 0.090625 0.0921875
0 0.1453125 0.30859375 0.04375 0.1125
0 0.2015625 0.15 0.09453125 0.1203125
0 0.1046875 0.1421875 0.0828125 0.11015625
0 0.04453125 0.3859375 0.0625 0.10703125
0 0.12578125 0.384375 0.0421875 0.0984375
0 0.10625 0.5078125 0.0625 0.115625
0 0.03828125 0.48515625 0.05859375 0.11953125
0 0.11015625 0.47421875 0.075 0.109375
0 0.1234375 0.61796875 0.03671875 0.09375
0 0.11875 0.67421875 0.053125 0.115625
0 0.071875 0.67421875 0.0390625 0.1125
0 0.04296875 0.6234375 0.0546875 0.1
0 0.03359375 0.82109375 0.034375 0.1125
0 0.0359375 0.75078125 0.04296875 0.08515625
0 0.07421875 0.815625 0.04296875 0.11953125