0 0.09453125 0.17578125 0.1 0.121875
0 0.2296875 0.19453125 0.09375 0.11484375
0 0.23125 0.30859375 0.084375 0.10078125
0 0.14765625 0.35625 0.109375 0.12109375
0 0.37890625 0.328125 0.10078125 0.1390625
0 0.271875 0.3796875 0.0796875 0.12109375
0 0.5734375 0.37734375 0.05234375 0.11640625
0 0.43046875 0.41484375 0.09921875 0.1328125
0 0.4421875 0.5796875 0.1203125 0.146875
0 0.38125 0.50078125 0.09609375 0.121875
0 0.3296875 0.52109375 0.0671875 0.09609375
0 0.31328125 0.58203125 0.09453125 0.11171875
0 0.2375 0.6375 0.06953125 0.1078125
0 0.2625 0.665625 0.0796875 0.1390625
0 0.32421875 0.69140625 0.03984375 0.090625
0 0.3671875 0.67890625 0.0734375 0.11015625
0 0.45703125 0.7171875 0.0734375 0.1171875
0 0.2921875 0.825 0.08671875 0.125
0 0.18984375 0.70703125 0.07265625 0.0734375
0 0.19609375 0.55234375 0.0875 0.1203125
0 0.13359375 0.63203125 0.07734375 0.12890625
0 0.07890625 0.5546875 0.040625 0.11171875
0 0.13671875 0.5359375 0.06484375 0.10546875
0 0.03984375 0.5546875 0.04765625 0.11796875
0 0.02421875 0.54921875 0.03203125 0.08671875
0 0.03515625 0.76484375 0.04453125 0.0921875
0 0.03046875 0.80234375 0.025 0.08984375
0 0.0984375 0.80390625 0.0390625 0.103125
0 0.0765625 0.36171875 0.05390625 0.09375
0 0.81484375 0.74921875 0.096875 0.15078125
0 0.9125 0.76875 0.08046875 0.13046875
0 0.9765625 0.77109375 0.028125 0.1109375