0 0.89375 0.65703125 0.04375 0.11796875
0 0.96484375 0.64765625 0.04375 0.12265625
0 0.66953125 0.4140625 0.09296875 0.11640625
0 0.428125 0.39296875 0.09609375 0.12578125
0 0.46640625 0.503125 0.08125 0.0828125
0 0.490625 0.5796875 0.09609375 0.09921875
0 0.409375 0.55 0.1203125 0.13203125
0 0.55625 0.66484375 0.1046875 0.11640625
0 0.49296875 0.69765625 0.0546875 0.1125
0 0.465625 0.66015625 0.05 0.0859375
0 0.43515625 0.67421875 0.059375 0.09140625
0 0.61953125 0.75859375 0.07890625 0.10625
0 0.4078125 0.77265625 0.06796875 0.103125
0 0.34375 0.69453125 0.10390625 0.11875
0 0.3140625 0.7734375 0.06171875 0.10390625
0 0.2453125 0.60703125 0.04921875 0.11015625
0 0.2609375 0.5078125 0.0875 0.11015625
0 0.16640625 0.52109375 0.06953125 0.09296875
0 0.11015625 0.6609375 0.04296875 0.084375
0 0.121875 0.61015625 0.04296875 0.10078125
0 0.1140625 0.52890625 0.06015625 0.09609375
0 0.03203125 0.52734375 0.03984375 0.0953125
0 0.05234375 0.64609375 0.05625 0.1171875
0 0.14140625 0.80078125 0.09765625 0.1171875
0 0.27578125 0.71953125 0.053125 0.0890625
0 0.36484375 0.28671875 0.075 0.1171875
0 0.32109375 0.1484375 0.06796875 0.14296875
0 0.3390625 0.1328125 0.08984375 0.090625
0 0.2921875 0.19765625 0.06171875 0.0984375
0 0.1671875 0.20078125 0.06171875 0.11328125
0 0.134375 0.1421875 0.06796875 0.11640625
0 0.0296875 0.2015625 0.0515625 0.1359375