0 0.765625 0.10390625 0.09609375 0.11796875
0 0.73671875 0.171875 0.0703125 0.10390625
0 0.753125 0.5171875 0.08984375 0.1296875
0 0.8515625 0.73984375 0.08515625 0.1296875
0 0.78203125 0.70234375 0.07265625 0.11015625
0 0.6734375 0.74453125 0.0859375 0.10234375
0 0.6625 0.8265625 0.09609375 0.09453125
0 0.63203125 0.6234375 0.08203125 0.10703125
0 0.56484375 0.64296875 0.075 0.10078125
0 0.56328125 0.74140625 0.0765625 0.1046875
0 0.4609375 0.54453125 0.0671875 0.1109375
0 0.40703125 0.37421875 0.084375 0.146875
0 0.36875 0.21640625 0.0578125 0.13359375
0 0.28828125 0.15703125 0.0921875 0.10546875
0 0.078125 0.1671875 0.0890625 0.11328125
0 0.17421875 0.30078125 0.05625 0.1046875
0 0.11875 0.4453125 0.084375 0.121875
0 0.40234375 0.6203125 0.10546875 0.13046875
0 0.3828125 0.5578125 0.0640625 0.09921875
0 0.3515625 0.7265625 0.09609375 0.1203125
0 0.353125 0.8015625 0.10078125 0.11015625
0 0.29765625 0.65 0.08125 0.10703125
0 0.28671875 0.58515625 0.0953125 0.09765625
0 0.278125 0.5015625 0.0984375 0.10703125
0 0.20625 0.48125 0.07578125 0.11640625
0 0.16796875 0.55390625 0.1015625 0.12890625
0 0.30859375 0.4953125 0.04765625 0.11640625
0 0.11015625 0.6046875 0.06015625 0.1140625
0 0.15 0.65234375 0.05 0.1234375
0 0.0640625 0.7671875 0.05859375 0.1328125