0 0.9671875 0.76875 0.0453125 0.11015625
0 0.9234375 0.771875 0.040625 0.1125
0 0.7703125 0.403125 0.04453125 0.11484375
0 0.6671875 0.54375 0.084375 0.10625
0 0.4921875 0.36328125 0.10390625 0.15
0 0.5265625 0.56015625 0.08203125 0.1328125
0 0.48671875 0.590625 0.08359375 0.10625
0 0.53828125 0.73203125 0.11328125 0.1296875
0 0.4015625 0.4671875 0.0515625 0.11875
0 0.4484375 0.52890625 0.0828125 0.09453125
0 0.36484375 0.6203125 0.1015625 0.13203125
0 0.44140625 0.7125 0.0828125 0.08515625
0 0.3546875 0.7421875 0.07734375 0.11015625
0 0.42734375 0.8125 0.08515625 0.13671875
0 0.45 0.7796875 0.0796875 0.1078125
0 0.2984375 0.69140625 0.06484375 0.1109375
0 0.27421875 0.64140625 0.07890625 0.10703125
0 0.26875 0.346875 0.08671875 0.11015625
0 0.26640625 0.51015625 0.09140625 0.1125
0 0.20546875 0.4515625 0.08359375 0.0953125
0 0.16484375 0.34296875 0.071875 0.11484375
0 0.15234375 0.575 0.0953125 0.13671875
0 0.18125 0.63203125 0.0640625 0.1296875
0 0.18203125 0.5140625 0.046875 0.0875
0 0.1265625 0.6375 0.07265625 0.1125
0 0.0296875 0.62734375 0.02890625 0.115625
0 0.0734375 0.7859375 0.0484375 0.12109375