0 0.91171875 0.76328125 0.08203125 0.13984375
0 0.9796875 0.76875 0.040625 0.1109375
0 0.6265625 0.34609375 0.0875 0.11640625
0 0.5734375 0.49375 0.0953125 0.13828125
0 0.59296875 0.70078125 0.08828125 0.09921875
0 0.4984375 0.77265625 0.0796875 0.09140625
0 0.4296875 0.67421875 0.10625 0.1390625
0 0.4796875 0.54140625 0.06171875 0.1125
0 0.43125 0.51015625 0.0953125 0.11953125
0 0.38515625 0.425 0.10234375 0.12734375
0 0.33828125 0.23203125 0.0890625 0.125
0 0.3765625 0.25546875 0.053125 0.1015625
0 0.1984375 0.0765625 0.09765625 0.11875
0 0.1203125 0.15078125 0.05390625 0.13203125
0 0.14453125 0.3625 0.0625 0.10546875
0 0.2078125 0.36640625 0.05078125 0.0984375
0 0.21328125 0.44296875 0.1046875 0.1125
0 0.1421875 0.57578125 0.08515625 0.1171875
0 0.28046875 0.534375 0.06796875 0.1625
0 0.33203125 0.53203125 0.06484375 0.11328125
0 0.2515625 0.58515625 0.0515625 0.0984375
0 0.3421875 0.66328125 0.05546875 0.103125
0 0.34765625 0.75859375 0.0890625 0.1140625
0 0.0703125 0.73359375 0.0453125 0.13671875
0 0.10078125 0.7 0.0375 0.1046875
0 0.13046875 0.6265625 0.05078125 0.05859375
0 0.08359375 0.803125 0.040625 0.1015625
0 0.0484375 0.50859375 0.0515625 0.12421875