0 0.759375 0.6546875 0.0953125 0.1125
0 0.6796875 0.690625 0.08046875 0.115625
0 0.521875 0.79453125 0.09453125 0.11796875
0 0.53828125 0.728125 0.09375 0.10703125
0 0.50078125 0.54453125 0.0953125 0.1140625
0 0.5109375 0.6484375 0.04453125 0.1140625
0 0.41015625 0.63828125 0.09921875 0.1
0 0.35 0.825 0.09375 0.12578125
0 0.4296875 0.32421875 0.07421875 0.1515625
0 0.371875 0.42578125 0.12109375 0.1390625
0 0.4546875 0.4671875 0.078125 0.14765625
0 0.371875 0.53203125 0.09765625 0.12109375
0 0.30625 0.5546875 0.05390625 0.10703125
0 0.28359375 0.48125 0.0953125 0.15078125
0 0.31328125 0.34921875 0.09921875 0.11484375
0 0.309375 0.2921875 0.0734375 0.08046875
0 0.221875 0.41640625 0.0828125 0.1140625
0 0.1328125 0.3828125 0.09140625 0.125
0 0.12421875 0.19765625 0.090625 0.109375
0 0.165625 0.5140625 0.07890625 0.11875
0 0.228125 0.55703125 0.05078125 0.11328125
0 0.1890625 0.6359375 0.08125 0.13203125
0 0.228125 0.68046875 0.04140625 0.08515625
0 0.34140625 0.66640625 0.07578125 0.10625
0 0.32421875 0.7703125 0.08671875 0.09296875
0 0.36171875 0.7625 0.04609375 0.06640625
0 0.13359375 0.82578125 0.0875 0.115625
0 0.09921875 0.65625 0.04375 0.11875
0 0.0890625 0.7203125 0.0484375 0.1
0 0.04609375 0.71171875 0.046875 0.11953125