0 0.83828125 0.15859375 0.078125 0.1515625
0 0.59453125 0.27890625 0.0890625 0.14140625
0 0.759375 0.50703125 0.1046875 0.15703125
0 0.8515625 0.69140625 0.06015625 0.05546875
0 0.82421875 0.74609375 0.0984375 0.125
0 0.7046875 0.79609375 0.08828125 0.1390625
0 0.64375 0.7765625 0.09140625 0.1109375
0 0.62265625 0.63359375 0.0875 0.1078125
0 0.57109375 0.63125 0.08203125 0.10625
0 0.4546875 0.62734375 0.10546875 0.13359375
0 0.49765625 0.4515625 0.06953125 0.1234375
0 0.43828125 0.4578125 0.084375 0.0984375
0 0.415625 0.51953125 0.09921875 0.13046875
0 0.52890625 0.76875 0.0421875 0.08515625
0 0.48203125 0.74296875 0.07734375 0.109375
0 0.37890625 0.1484375 0.09140625 0.10390625
0 0.27421875 0.103125 0.10625 0.12890625
0 0.12265625 0.1765625 0.09140625 0.11875
0 0.15859375 0.29140625 0.07265625 0.10390625
0 0.315625 0.3921875 0.0953125 0.12265625
0 0.19296875 0.4625 0.07265625 0.12734375
0 0.21875 0.54765625 0.0765625 0.11015625
0 0.27890625 0.565625 0.0765625 0.0875
0 0.2875 0.6625 0.0703125 0.103125
0 0.2234375 0.665625 0.103125 0.12421875
0 0.36875 0.68203125 0.0609375 0.11953125
0 0.35 0.8125 0.08359375 0.1203125
0 0.2921875 0.7734375 0.0421875 0.1125
0 0.10078125 0.8015625 0.1015625 0.12578125
0 0.06015625 0.5328125 0.0859375 0.12109375
0 0.1140625 0.5609375 0.0390625 0.109375
0 0.03671875 0.29921875 0.04296875 0.1140625