0 0.86015625 0.503125 0.05390625 0.1625
0 0.94765625 0.80703125 0.0640625 0.12265625
0 0.675 0.79921875 0.1046875 0.12421875
0 0.72265625 0.81875 0.0875 0.1125
0 0.665625 0.70390625 0.1078125 0.1171875
0 0.74609375 0.54375 0.0515625 0.11015625
0 0.54453125 0.53125 0.0546875 0.12578125
0 0.503125 0.4609375 0.05859375 0.12265625
0 0.490625 0.578125 0.08359375 0.1046875
0 0.5328125 0.78515625 0.0859375 0.1328125
0 0.34609375 0.76875 0.11015625 0.10703125
0 0.4015625 0.7515625 0.05234375 0.09609375
0 0.340625 0.72578125 0.08359375 0.0828125
0 0.434375 0.69921875 0.06875 0.078125
0 0.43515625 0.78046875 0.0578125 0.0921875
0 0.4203125 0.59375 0.10078125 0.12421875
0 0.37421875 0.59765625 0.053125 0.09296875
0 0.43984375 0.43984375 0.103125 0.14921875
0 0.33359375 0.43515625 0.07109375 0.13984375
0 0.38828125 0.41875 0.06640625 0.10390625
0 0.27734375 0.4390625 0.06875 0.11171875
0 0.30703125 0.5265625 0.07578125 0.09453125
0 0.2375 0.63125 0.1046875 0.12734375
0 0.30078125 0.62578125 0.0453125 0.109375
0 0.1796875 0.65390625 0.05703125 0.10625
0 0.1859375 0.715625 0.0453125 0.08125
0 0.13828125 0.4984375 0.103125 0.11875
0 0.125 0.30859375 0.046875 0.11015625
0 0.1703125 0.53203125 0.0640625 0.0875
0 0.04609375 0.521875 0.05859375 0.109375
0 0.03046875 0.66171875 0.02890625 0.12265625
0 0.0828125 0.6625 0.06171875 0.11640625