0 0.765625 0.58125 0.1515625 0.37109375
0 0.88046875 0.534375 0.15 0.27421875
0 0.6578125 0.7625 0.1609375 0.246875
0 0.55859375 0.61484375 0.109375 0.159375
0 0.51640625 0.4 0.1640625 0.303125
0 0.5 0.31328125 0.184375 0.26796875
0 0.32265625 0.23203125 0.24765625 0.3109375
0 0.1234375 0.46796875 0.196875 0.37109375
0 0.3875 0.69921875 0.2890625 0.33828125
0 0.240625 0.634375 0.1375 0.1859375
0 0.36796875 0.9359375 0.14453125 0.128125
0 0.02578125 0.51171875 0.0515625 0.1859375
0 0.025 0.13515625 0.05 0.1671875