0 0.46796875 0.0609375 0.1140625 0.121875
0 0.23046875 0.0375 0.06640625 0.07421875
0 0.95546875 0.42421875 0.0890625 0.128125
0 0.70625 0.42109375 0.09609375 0.10078125
0 0.71484375 0.5125 0.0953125 0.11484375
0 0.7640625 0.65 0.08125 0.1125
0 0.8546875 0.61875 0.06484375 0.14609375
0 0.55625 0.57734375 0.1046875 0.13671875
0 0.47109375 0.55 0.071875 0.12578125
0 0.45234375 0.6265625 0.06953125 0.1046875
0 0.359375 0.6859375 0.09609375 0.11953125
0 0.40234375 0.41875 0.078125 0.11640625
0 0.33984375 0.27890625 0.096875 0.1171875
0 0.3359375 0.38203125 0.08984375 0.1234375
0 0.33515625 0.4796875 0.08359375 0.08984375
0 0.3703125 0.56796875 0.0578125 0.09609375
0 0.30234375 0.54921875 0.078125 0.11875
0 0.26875 0.48828125 0.04453125 0.1078125
0 0.21328125 0.48515625 0.059375 0.1
0 0.11015625 0.296875 0.0453125 0.1390625
0 0.23828125 0.4484375 0.05546875 0.10703125
0 0.18203125 0.3765625 0.05625 0.08671875
0 0.1984375 0.4328125 0.05234375 0.06484375
0 0.12421875 0.6578125 0.03359375 0.09375
0 0.04609375 0.2984375 0.04765625 0.12421875