0 0.278125 0.03671875 0.078125 0.0734375
0 0.20078125 0.1984375 0.08125 0.121875
0 0.35234375 0.18203125 0.08046875 0.12734375
0 0.3546875 0.2765625 0.0828125 0.08515625
0 0.4515625 0.24296875 0.08125 0.14609375
0 0.58359375 0.290625 0.05078125 0.12265625
0 0.521875 0.43671875 0.06015625 0.12734375
0 0.571875 0.61484375 0.053125 0.14140625
0 0.9421875 0.6890625 0.0859375 0.13046875
0 0.41171875 0.7109375 0.0890625 0.10546875
0 0.43359375 0.596875 0.10625 0.11796875
0 0.3453125 0.61328125 0.1046875 0.11015625
0 0.19453125 0.5640625 0.109375 0.11015625
0 0.296875 0.54375 0.065625 0.0890625
0 0.36796875 0.51875 0.10390625 0.09140625
0 0.353125 0.43984375 0.0703125 0.09296875
0 0.3890625 0.37421875 0.0921875 0.11328125
0 0.24765625 0.37734375 0.0484375 0.1171875
0 0.20390625 0.4296875 0.06953125 0.1265625
0 0.25859375 0.44921875 0.0640625 0.0921875
0 0.16953125 0.31640625 0.06484375 0.1
0 0.0875 0.4578125 0.0640625 0.10546875
0 0.08828125 0.60234375 0.04453125 0.128125
0 0.04296875 0.59921875 0.034375 0.11796875
0 0.1484375 0.50546875 0.03515625 0.10546875