0 0.9015625 0.46875 0.0875 0.11875
0 0.9484375 0.79765625 0.04765625 0.13046875
0 0.8375 0.66484375 0.0796875 0.13359375
0 0.79375 0.52890625 0.084375 0.109375
0 0.8140625 0.79375 0.0828125 0.1171875
0 0.62890625 0.65234375 0.0796875 0.13046875
0 0.55546875 0.49453125 0.09296875 0.14296875
0 0.48671875 0.3546875 0.059375 0.0796875
0 0.51953125 0.40078125 0.08828125 0.08828125
0 0.54765625 0.71796875 0.08203125 0.1375
0 0.5046875 0.7609375 0.0765625 0.1
0 0.43984375 0.7453125 0.0765625 0.11796875
0 0.346875 0.76796875 0.07265625 0.103125
0 0.353125 0.66015625 0.084375 0.11328125
0 0.4171875 0.61953125 0.1078125 0.11953125
0 0.45078125 0.4734375 0.09375 0.16015625
0 0.38984375 0.55859375 0.08125 0.09140625
0 0.4734375 0.53984375 0.06328125 0.0875
0 0.30546875 0.459375 0.0875 0.11640625
0 0.30390625 0.571875 0.065625 0.11328125
0 0.26171875 0.6140625 0.10625 0.1203125
0 0.2125 0.5984375 0.05859375 0.09375
0 0.18515625 0.6609375 0.0546875 0.1
0 0.2125 0.6890625 0.04453125 0.090625
0 0.11796875 0.67265625 0.05390625 0.11875
0 0.13515625 0.55859375 0.04375 0.1015625
0 0.0828125 0.50078125 0.11328125 0.12421875
0 0.10625 0.25703125 0.06015625 0.1078125
0 0.03125 0.553125 0.0296875 0.12265625