0 0.06796875 0.2890625 0.06796875 0.14921875
0 0.21171875 0.18671875 0.07578125 0.10625
0 0.30390625 0.2578125 0.08671875 0.11484375
0 0.4234375 0.359375 0.078125 0.1140625
0 0.35078125 0.3890625 0.0875 0.1359375
0 0.42265625 0.46953125 0.04609375 0.12578125
0 0.50078125 0.603125 0.11875 0.13828125
0 0.4015625 0.65703125 0.0828125 0.13125
0 0.62578125 0.69375 0.096875 0.11640625
0 0.72421875 0.68984375 0.0671875 0.13984375
0 0.93359375 0.70078125 0.07421875 0.1203125
0 0.59921875 0.65234375 0.09140625 0.0828125
0 0.5921875 0.61640625 0.0796875 0.05546875
0 0.27734375 0.4453125 0.09453125 0.1109375
0 0.20703125 0.453125 0.05703125 0.12421875
0 0.159375 0.4 0.0375 0.10390625
0 0.12421875 0.54375 0.08203125 0.11015625
0 0.096875 0.6671875 0.1109375 0.1203125
0 0.25390625 0.55390625 0.05546875 0.10625
0 0.3484375 0.5734375 0.0390625 0.08046875
0 0.35390625 0.49296875 0.1015625 0.10703125