0 0.89609375 0.64140625 0.0921875 0.103125
0 0.97578125 0.6375 0.04765625 0.09921875
0 0.6375 0.16328125 0.07109375 0.12578125
0 0.515625 0.29140625 0.1109375 0.1359375
0 0.440625 0.28046875 0.06796875 0.11328125
0 0.50703125 0.45390625 0.07734375 0.12890625
0 0.4421875 0.42734375 0.07578125 0.1359375
0 0.515625 0.7390625 0.07734375 0.11953125
0 0.39453125 0.60546875 0.0984375 0.11484375
0 0.35625 0.396875 0.1125 0.1296875
0 0.31484375 0.33828125 0.08203125 0.08515625
0 0.25390625 0.415625 0.0765625 0.13125
0 0.30703125 0.440625 0.0578125 0.096875
0 0.33046875 0.540625 0.07734375 0.1015625
0 0.2984375 0.565625 0.06953125 0.109375
0 0.31328125 0.61875 0.05546875 0.071875
0 0.29296875 0.6609375 0.08515625 0.10546875
0 0.32578125 0.71640625 0.078125 0.0859375
0 0.3125 0.7921875 0.09609375 0.11328125
0 0.215625 0.5234375 0.09140625 0.10859375
0 0.209375 0.62421875 0.0984375 0.109375
0 0.1546875 0.6875 0.059375 0.10703125
0 0.08203125 0.70234375 0.053125 0.11015625
0 0.0828125 0.8265625 0.0984375 0.09609375
0 0.0875 0.18828125 0.090625 0.15390625
0 0.1625 0.17578125 0.09765625 0.10390625
0 0.190625 0.24453125 0.0359375 0.096875
0 0.21171875 0.30859375 0.06875 0.121875
0 0.25078125 0.1625 0.078125 0.1109375