0 0.56640625 0.2875 0.08046875 0.1078125
0 0.6921875 0.4828125 0.08671875 0.10703125
0 0.696875 0.6359375 0.0484375 0.11171875
0 0.7796875 0.7890625 0.090625 0.121875
0 0.5609375 0.6578125 0.1171875 0.134375
0 0.5078125 0.79296875 0.0984375 0.121875
0 0.4234375 0.7078125 0.09140625 0.109375
0 0.35859375 0.828125 0.0796875 0.0953125
0 0.25703125 0.7890625 0.09609375 0.12421875
0 0.3234375 0.7625 0.0734375 0.13203125
0 0.365625 0.653125 0.0796875 0.096875
0 0.2859375 0.60625 0.078125 0.11875
0 0.40078125 0.4890625 0.08046875 0.121875
0 0.31796875 0.50078125 0.071875 0.10625
0 0.25546875 0.5015625 0.0734375 0.10078125
0 0.20546875 0.52109375 0.090625 0.12109375
0 0.20859375 0.63125 0.04296875 0.1109375
0 0.16171875 0.6765625 0.0640625 0.0828125
0 0.0875 0.66328125 0.059375 0.16875
0 0.075 0.5171875 0.1015625 0.134375
0 0.09921875 0.43984375 0.053125 0.140625
0 0.17421875 0.37578125 0.10234375 0.128125
0 0.26484375 0.34296875 0.11328125 0.1375
0 0.45625 0.140625 0.04609375 0.14765625
0 0.1109375 0.2765625 0.09609375 0.13671875
0 0.11015625 0.2140625 0.0875 0.0671875
0 0.16484375 0.2671875 0.05390625 0.08671875
0 0.03359375 0.284375 0.03515625 0.128125