0 0.26328125 0.11015625 0.1359375 0.2203125
0 0.10859375 0.14921875 0.1953125 0.23125
0 0.89140625 0.9265625 0.215625 0.14453125
0 0.65859375 0.853125 0.13828125 0.20078125
0 0.90625 0.7109375 0.1046875 0.1515625
0 0.51796875 0.48125 0.2171875 0.21484375
0 0.3375 0.715625 0.190625 0.20703125
0 0.15 0.44296875 0.1453125 0.20078125
0 0.3515625 0.43125 0.09921875 0.2390625
0 0.52890625 0.32734375 0.14765625 0.17734375
0 0.59296875 0.5921875 0.1359375 0.16015625
0 0.78828125 0.59375 0.08515625 0.159375
0 0.2421875 0.628125 0.1265625 0.15625