0 0.52890625 0.08359375 0.28359375 0.1671875
0 0.4109375 0.08046875 0.1625 0.16015625
0 0.10390625 0.2734375 0.20625 0.29921875
0 0.3109375 0.3390625 0.29921875 0.3328125
0 0.04921875 0.51640625 0.0984375 0.2375
0 0.13046875 0.6390625 0.2609375 0.434375
0 0.43984375 0.6296875 0.2546875 0.303125
0 0.45625 0.453125 0.18515625 0.1734375
0 0.32890625 0.871875 0.2625 0.25546875
0 0.42421875 0.79921875 0.09453125 0.1015625
0 0.828125 0.5203125 0.31328125 0.40078125
0 0.92578125 0.6828125 0.146875 0.2734375
0 0.9109375 0.83125 0.16328125 0.18359375
0 0.759375 0.95 0.25546875 0.09921875
0 0.54296875 0.8890625 0.08828125 0.221875
0 0.47734375 0.91484375 0.171875 0.1703125