0 0.9453125 0.63984375 0.09453125 0.1171875
0 0.790625 0.67421875 0.07734375 0.1484375
0 0.68984375 0.584375 0.04453125 0.1140625
0 0.62578125 0.3609375 0.10546875 0.12265625
0 0.53046875 0.3 0.08046875 0.12578125
0 0.44140625 0.3765625 0.11796875 0.13203125
0 0.6328125 0.58046875 0.06484375 0.12265625
0 0.58359375 0.57578125 0.0578125 0.1140625
0 0.51015625 0.621875 0.0796875 0.11796875
0 0.5796875 0.7484375 0.08125 0.1640625
0 0.62578125 0.75859375 0.0515625 0.1078125
0 0.425 0.728125 0.07890625 0.1078125
0 0.409375 0.79140625 0.07734375 0.065625
0 0.29140625 0.83125 0.0859375 0.08828125
0 0.325 0.6421875 0.08515625 0.109375
0 0.22734375 0.31796875 0.07890625 0.121875
0 0.11171875 0.17421875 0.09140625 0.11640625
0 0.26328125 0.4484375 0.096875 0.103125
0 0.2359375 0.50390625 0.103125 0.1234375
0 0.21953125 0.6125 0.096875 0.12265625
0 0.28125 0.68359375 0.053125 0.09609375
0 0.15546875 0.61171875 0.0453125 0.11640625
0 0.17890625 0.47578125 0.075 0.1203125
0 0.11171875 0.56640625 0.059375 0.10390625
0 0.1125 0.67421875 0.06484375 0.1171875
0 0.059375 0.575 0.07734375 0.12578125
0 0.0484375 0.56953125 0.04296875 0.10546875