0 0.921875 0.80390625 0.08671875 0.11328125
0 0.77890625 0.6953125 0.06953125 0.20546875
0 0.5921875 0.7046875 0.0859375 0.1078125
0 0.5703125 0.8109375 0.07265625 0.12421875
0 0.58046875 0.18671875 0.0453125 0.121875
0 0.53046875 0.29453125 0.0484375 0.14375
0 0.35859375 0.16875 0.1 0.125
0 0.21171875 0.246875 0.096875 0.16171875
0 0.1328125 0.28828125 0.0671875 0.09609375
0 0.2640625 0.3375 0.0703125 0.09921875
0 0.2640625 0.42578125 0.08203125 0.109375
0 0.2390625 0.4328125 0.05546875 0.0859375
0 0.17265625 0.49296875 0.0875 0.12265625
0 0.11015625 0.52734375 0.0453125 0.11640625
0 0.375 0.41328125 0.09296875 0.125
0 0.3328125 0.52734375 0.10390625 0.12578125
0 0.4515625 0.61953125 0.096875 0.10625
0 0.42578125 0.584375 0.0734375 0.08359375
0 0.45234375 0.67421875 0.06484375 0.1140625
0 0.4859375 0.8015625 0.1015625 0.12109375
0 0.421875 0.7796875 0.10546875 0.11015625
0 0.38203125 0.73515625 0.06953125 0.08203125
0 0.33984375 0.7859375 0.103125 0.12265625
0 0.29375 0.77265625 0.040625 0.14375
0 0.19921875 0.6625 0.059375 0.109375
0 0.22890625 0.675 0.040625 0.0671875
0 0.1453125 0.8203125 0.05 0.1265625
0 0.0453125 0.53046875 0.0546875 0.125