0 0.78359375 0.678125 0.08515625 0.11484375
0 0.7375 0.8015625 0.0875 0.10390625
0 0.62890625 0.77265625 0.1125 0.1203125
0 0.47265625 0.64296875 0.096875 0.10703125
0 0.4703125 0.8296875 0.08125 0.09609375
0 0.38671875 0.81875 0.09140625 0.10234375
0 0.34609375 0.7109375 0.08671875 0.1125
0 0.4234375 0.6640625 0.06484375 0.1
0 0.4109375 0.41953125 0.109375 0.1265625
0 0.4046875 0.4734375 0.08515625 0.065625
0 0.3453125 0.284375 0.11953125 0.14453125
0 0.31015625 0.46953125 0.07890625 0.103125
0 0.32109375 0.596875 0.0796875 0.1078125
0 0.2578125 0.66484375 0.08359375 0.0921875
0 0.26875 0.59296875 0.0515625 0.11328125
0 0.190625 0.54921875 0.08828125 0.1125
0 0.153125 0.621875 0.059375 0.1046875
0 0.1203125 0.50078125 0.04765625 0.11953125
0 0.12890625 0.4046875 0.04921875 0.128125
0 0.2578125 0.44921875 0.0859375 0.1203125
0 0.28046875 0.2765625 0.09609375 0.13125
0 0.1828125 0.340625 0.0734375 0.14375
0 0.23671875 0.33125 0.05 0.09453125
0 0.13984375 0.18828125 0.08046875 0.13203125
0 0.0734375 0.2453125 0.05234375 0.115625
0 0.0671875 0.3796875 0.09921875 0.12421875
0 0.07578125 0.50078125 0.03671875 0.1046875
0 0.04921875 0.74609375 0.05234375 0.10625
0 0.0984375 0.75078125 0.04453125 0.11328125