0 0.3328125 0.2078125 0.0765625 0.121875
0 0.29765625 0.3265625 0.1171875 0.14140625
0 0.36171875 0.34296875 0.07265625 0.09921875
0 0.5453125 0.51484375 0.0921875 0.10859375
0 0.76015625 0.65078125 0.05078125 0.115625
0 0.7484375 0.81875 0.07421875 0.11171875
0 0.4921875 0.7109375 0.09375 0.09609375
0 0.45625 0.7671875 0.1125 0.11640625
0 0.4203125 0.81640625 0.0859375 0.09296875
0 0.36796875 0.72578125 0.0765625 0.11015625
0 0.39921875 0.63828125 0.06640625 0.10390625
0 0.44921875 0.5375 0.11328125 0.13359375
0 0.3578125 0.5015625 0.07265625 0.1125
0 0.28671875 0.478125 0.08046875 0.10390625
0 0.27578125 0.57265625 0.08828125 0.1078125
0 0.24140625 0.54453125 0.08515625 0.1171875
0 0.1953125 0.59453125 0.0625 0.11328125
0 0.26328125 0.70390625 0.08828125 0.0765625
0 0.2796875 0.82890625 0.046875 0.10390625
0 0.109375 0.60390625 0.0671875 0.1125
0 0.05 0.60390625 0.04375 0.11484375
0 0.0375 0.72109375 0.0328125 0.1
0 0.14296875 0.69296875 0.0515625 0.0484375
0 0.1578125 0.24453125 0.10703125 0.12421875
0 0.19765625 0.3875 0.07734375 0.13046875
0 0.16953125 0.44453125 0.05234375 0.12421875
0 0.08125 0.44375 0.0953125 0.134375
0 0.0625 0.2828125 0.05546875 0.13125
0 0.09765625 0.1515625 0.0953125 0.11328125
0 0.11796875 0.29296875 0.04296875 0.10859375