0 0.96953125 0.5 0.02890625 0.11328125
0 0.92109375 0.496875 0.0578125 0.125
0 0.9234375 0.62578125 0.0515625 0.12734375
0 0.840625 0.36171875 0.0703125 0.121875
0 0.81328125 0.67734375 0.0703125 0.13984375
0 0.5953125 0.04609375 0.0875 0.0921875
0 0.29296875 0.0515625 0.0875 0.103125
0 0.4953125 0.665625 0.1 0.1109375
0 0.453125 0.6625 0.05234375 0.08203125
0 0.4125 0.7359375 0.08359375 0.096875
0 0.33203125 0.71171875 0.09453125 0.1359375
0 0.3234375 0.64609375 0.0890625 0.08359375
0 0.2953125 0.6328125 0.0546875 0.08203125
0 0.2203125 0.57734375 0.07578125 0.12421875
0 0.27578125 0.54765625 0.059375 0.11171875
0 0.43671875 0.51953125 0.078125 0.128125
0 0.4265625 0.47421875 0.09453125 0.1046875
0 0.39375 0.53046875 0.078125 0.09921875
0 0.36484375 0.41796875 0.11171875 0.12109375
0 0.365625 0.33203125 0.06171875 0.096875
0 0.26875 0.375 0.09765625 0.14765625
0 0.23984375 0.44453125 0.07109375 0.08671875
0 0.159375 0.528125 0.08046875 0.121875
0 0.1625 0.38828125 0.08671875 0.14453125
0 0.13515625 0.27265625 0.08203125 0.1015625
0 0.0859375 0.3109375 0.1046875 0.1296875
0 0.13125 0.365625 0.0453125 0.09140625
0 0.10546875 0.46015625 0.05546875 0.11796875
0 0.0984375 0.4859375 0.040625 0.0953125
0 0.04609375 0.46953125 0.05546875 0.1265625
0 0.03125 0.49453125 0.05078125 0.1046875