0 0.89453125 0.54140625 0.2109375 0.31875
0 0.78046875 0.55 0.10703125 0.24296875
0 0.940625 0.634375 0.11796875 0.27890625
0 0.6109375 0.25546875 0.3515625 0.384375
0 0.5953125 0.46015625 0.1625 0.24296875
0 0.62421875 0.67734375 0.17578125 0.22109375
0 0.47109375 0.75390625 0.1171875 0.22890625
0 0.43984375 0.91171875 0.2890625 0.1765625
0 0.2421875 0.58671875 0.2140625 0.25390625
0 0.36640625 0.3046875 0.23515625 0.42265625
0 0.440625 0.47578125 0.1546875 0.25
0 0.05859375 0.70390625 0.1171875 0.2453125