0 0.9328125 0.03671875 0.09375 0.0734375
0 0.828125 0.14375 0.090625 0.12890625
0 0.88203125 0.5140625 0.08359375 0.14765625
0 0.87734375 0.62265625 0.0875 0.14296875
0 0.7125 0.66171875 0.1015625 0.13515625
0 0.578125 0.63359375 0.0953125 0.10859375
0 0.5265625 0.465625 0.103125 0.121875
0 0.40234375 0.3796875 0.1140625 0.12421875
0 0.41875 0.32421875 0.075 0.0703125
0 0.4171875 0.09765625 0.0421875 0.125
0 0.32265625 0.04296875 0.09296875 0.0859375
0 0.2859375 0.3984375 0.08984375 0.1359375
0 0.35390625 0.50546875 0.08828125 0.10078125
0 0.40625 0.5265625 0.08671875 0.1046875
0 0.33828125 0.6109375 0.07421875 0.103125
0 0.4265625 0.71875 0.0984375 0.1203125
0 0.5078125 0.73828125 0.08125 0.0875
0 0.33984375 0.68046875 0.06953125 0.07890625
0 0.18515625 0.5796875 0.05 0.10546875
0 0.26015625 0.5578125 0.0671875 0.08984375
0 0.25625 0.465625 0.08203125 0.15625
0 0.20625 0.44296875 0.0625 0.12421875
0 0.20625 0.3703125 0.08359375 0.1078125
0 0.07890625 0.4890625 0.07734375 0.10234375
0 0.11640625 0.35546875 0.05703125 0.10859375
0 0.11875 0.21484375 0.078125 0.1015625
0 0.05625 0.23984375 0.10390625 0.121875
0 0.02890625 0.36171875 0.04296875 0.10703125