0 0.93671875 0.8 0.05859375 0.13671875
0 0.7578125 0.63046875 0.1015625 0.13984375
0 0.71875 0.80078125 0.0890625 0.11015625
0 0.62578125 0.74453125 0.0703125 0.1546875
0 0.5578125 0.7671875 0.109375 0.12734375
0 0.66484375 0.62890625 0.071875 0.1078125
0 0.609375 0.60390625 0.0765625 0.11015625
0 0.63125 0.33515625 0.08359375 0.11953125
0 0.48515625 0.32421875 0.03984375 0.11640625
0 0.478125 0.4671875 0.10859375 0.13984375
0 0.3796875 0.34140625 0.1015625 0.12734375
0 0.47265625 0.58125 0.0765625 0.0875
0 0.459375 0.67265625 0.103125 0.1125
0 0.39140625 0.6296875 0.1 0.121875
0 0.33984375 0.71640625 0.0875 0.09375
0 0.325 0.7875 0.08125 0.084375
0 0.35234375 0.51015625 0.08515625 0.08359375
0 0.28828125 0.60703125 0.10546875 0.11640625
0 0.27421875 0.671875 0.053125 0.090625
0 0.18671875 0.68359375 0.09765625 0.1015625
0 0.24140625 0.66953125 0.0671875 0.1046875
0 0.3546875 0.5796875 0.06796875 0.0734375
0 0.14375 0.6625 0.05703125 0.10625
0 0.09296875 0.52578125 0.11171875 0.13046875
0 0.10703125 0.3359375 0.0765625 0.1234375
0 0.14453125 0.20703125 0.0796875 0.11640625