0 0.89609375 0.784375 0.08984375 0.10234375
0 0.96953125 0.7859375 0.04375 0.09453125
0 0.859375 0.55234375 0.1296875 0.1484375
0 0.71015625 0.44765625 0.09296875 0.12578125
0 0.72265625 0.19921875 0.0875 0.12109375
0 0.534375 0.3234375 0.06953125 0.1046875
0 0.5796875 0.4953125 0.0515625 0.12109375
0 0.58828125 0.734375 0.08203125 0.1390625
0 0.7234375 0.771875 0.06875 0.13203125
0 0.39453125 0.134375 0.090625 0.12421875
0 0.3703125 0.453125 0.07578125 0.11953125
0 0.38359375 0.590625 0.07109375 0.10625
0 0.38046875 0.68984375 0.0765625 0.09375
0 0.48671875 0.796875 0.090625 0.096875
0 0.4109375 0.8265625 0.0703125 0.109375
0 0.33515625 0.809375 0.07109375 0.14140625
0 0.36796875 0.7734375 0.08515625 0.08671875
0 0.3046875 0.59375 0.10234375 0.1296875
0 0.278125 0.42265625 0.0828125 0.1171875
0 0.21484375 0.325 0.0859375 0.13359375
0 0.2546875 0.33828125 0.0375 0.0921875
0 0.11484375 0.46328125 0.0640625 0.1265625
0 0.1796875 0.66171875 0.1078125 0.1265625
0 0.20703125 0.82734375 0.09609375 0.1140625
0 0.29609375 0.7375 0.04921875 0.11171875
0 0.09921875 0.68984375 0.046875 0.1171875
0 0.05859375 0.73125 0.06875 0.103125